1,0
2,1
3,2
4,1
5,5
6,0
7,0
8,2
9,0
10,2
11,1
12,2
13,4
14,2
15,1
16,0
17,0
18,1
19,0
20,4
21,1
22,2
23,4
24,0
25,2
26,4
27,2
28,0
29,0
30,2
31,0
32,1
33,1
34,0
35,1
36,0
37,0
38,0
39,2
40,2
41,3
42,4
43,2
44,1
45,4
46,5
47,0
48,0
49,1
50,0
51,1
52,0
53,0
54,2
55,3
56,0
57,1
58,0
59,1
60,0
61,0
62,1
63,0
64,0
65,1
66,0
67,1
68,4
69,1
70,1
71,2
72,2
73,0
74,1
75,3
76,0
77,2
78,0
79,0
80,0
81,0
82,3
83,3
84,0
85,1
86,4
87,2
88,1
89,1
90,0
91,1
92,2
93,1
94,0
95,7
96,0
97,0
98,2
99,3
100,1
101,5
102,3
103,1
104,0
105,2
106,0
107,0
108,0
109,0
110,1
111,0
112,0
113,1
114,5
115,0
116,4
117,1
118,3
119,1
120,1
121,0
122,2
123,0
124,0
125,0
126,0
127,1
128,0
129,2
130,3
131,0
132,2
133,0
134,1
135,3
136,1
137,0
138,2
139,1
140,1
141,5
142,2
143,2
144,1
145,0
146,0
147,1
148,0
149,0
150,0
151,2
152,2
153,2
154,0
155,0
156,0
157,3
158,1
159,2
160,1
161,2
162,3
163,0
164,1
165,2
166,2
167,0
168,1
169,0
170,0
171,2
172,0
173,1
174,2
175,1
176,3
177,0
178,0
179,1
180,1
181,0
182,3
183,0
184,0
185,0
186,3
187,0
188,1
189,1
190,0
191,2
192,0
193,6
194,5
195,0
196,2
197,2
198,2
199,0
200,1
201,1
202,0
203,1
204,0
205,1
206,3
207,1
208,2
209,0
210,1
211,0
212,1
213,0
214,2
215,2
216,2
217,2
218,1
219,2
220,2
221,6
222,1
223,0
224,1
225,2
226,2
227,0
228,2
229,0
230,1
231,1
232,0
233,1
234,1
235,0
236,2
237,3
238,0
239,0
240,0
241,1
242,0
243,0
244,1
245,1
246,0
247,1
248,0
249,1
250,0
251,1
252,3
253,3
254,4
255,2
256,2
257,1
258,0
259,3
260,0
261,0
262,2
263,3
264,2
265,1
266,2
267,0
268,0
269,0
270,2
271,0
272,0
273,1
274,2
275,2
276,0
277,2
278,4
279,2
280,0
281,0
282,2
283,3
284,0
285,3
286,3
287,2
288,1
289,0
290,0
291,2
292,0
293,0
294,0
295,2
296,2
297,5
298,0
299,5
300,1
301,0
302,1
303,3
304,0
305,3
306,0
307,2
308,0
309,2
310,0
311,1
312,1
313,2
314,2
315,1
316,1
317,0
318,0
319,3
320,1
321,2
322,1
323,0
324,0
325,0
326,3
327,2
328,1
329,1
330,1
331,0
332,3
333,0
334,4
335,2
336,3
337,2
338,1
339,3
340,0
341,1
342,1
343,1
344,0
345,2
346,1
347,1
348,3
349,2
350,1
351,0
352,2
353,0
354,2
355,6
356,2
357,1
358,0
359,1
360,0
361,1
362,0
363,3
364,1
365,0
366,2
367,2
368,0
369,1
370,2
371,0
372,1
373,0
374,0
375,1
376,3
377,0
378,0
379,0
380,0
381,2
382,0
383,4
384,3
385,1
386,5
387,0
388,1
389,4
390,3
391,2
392,0
393,1
394,1
395,0
396,2
397,2
398,1
399,1
400,4
401,1
402,1
403,0
404,2
405,0
406,0
407,4
408,1
409,1
410,2
411,3
412,3
413,0
414,0
415,1
416,1
417,2
418,4
419,1
420,2
421,0
422,0
423,2
424,2
425,0
426,0
427,0
428,0
429,3
430,1
431,2
432,0
433,1
434,0
435,2
436,0
437,2
438,0
439,0
440,1
441,2
442,1
443,0
444,0
445,0
446,0
447,0
448,2
449,2
450,1
451,2
452,2
453,0
454,0
455,1
456,1
457,0
458,2
459,0
460,0
461,0
462,2
463,0
464,1
465,1
466,0
467,1
468,1
469,1
470,1
471,6
472,0
473,2
474,0
475,3
476,1
477,4
478,1
479,0
480,2
481,1
482,2
483,1
484,0
485,2
486,1
487,1
488,0
489,0
490,1
491,1
492,1
493,2
494,0
495,2
496,1
497,0
498,2
499,0
500,1
501,2
502,1
503,1
504,2
505,1
506,1
507,0
508,2
509,0
510,1
511,2
512,2
513,2
514,3
515,3
516,2
517,2
518,1
519,2
520,1
521,1
522,0
523,1
524,0
525,0
526,1
527,0
528,2
529,3
530,3
531,2
532,1
533,1
534,0
535,0
536,0
537,0
538,0
539,3
540,0
541,2
542,0
543,0
544,2
545,0
546,0
547,2
548,2
549,3
550,2
551,0
552,2
553,1
554,3
555,0
556,0
557,3
558,0
559,0
560,3
561,2
562,1
563,4
564,0
565,1
566,1
567,2
568,1
569,4
570,3
571,1
572,0
573,3
574,0
575,2
576,2
577,1
578,1
579,2
580,0
581,1
582,1
583,1
584,2
585,0
586,2
587,0
588,2
589,4
590,5
591,3
592,0
593,0
594,2
595,2
596,0
597,0
598,1
599,4
600,3
601,1
602,1
603,2
604,3
605,0
606,0
607,3
608,2
609,2
610,1
611,3
612,2
613,2
614,0
615,2
616,2
617,0
618,0
619,1
620,0
621,0
622,0
623,8
624,1
625,2
626,2
627,4
628,3
629,0
630,0
631,0
632,0
633,1
634,3
635,2
636,0
637,0
638,0
639,0
640,0
641,1
642,0
643,0
644,0
645,0
646,2
647,2
648,0
649,2
650,2
651,0
652,3
653,0
654,3
655,0
656,5
657,3
658,0
659,2
660,1
661,0
662,3
663,0
664,0
665,1
666,0
667,4
668,0
669,2
670,1
671,3
672,2
673,1
674,0
675,0
676,4
677,0
678,0
679,2
680,2
681,3
682,1
683,0
684,1
685,0
686,0
687,0
688,3
689,0
690,0
691,0
692,1
693,1
694,3
695,3
696,3
697,4
698,1
699,1
700,2
701,2
702,5
703,1
704,2
705,0
706,1
707,1
708,4
709,4
710,3
711,3
712,1
713,6
714,0
715,3
716,0
717,1
718,0
719,2
720,1
721,2
722,2
723,4
724,3
725,0
726,3
727,0
728,0
729,3
730,1
731,3
732,1
733,0
734,0
735,2
736,1
737,0
738,2
739,3
740,1
741,0
742,0
743,0
744,0
745,0
746,3
747,2
748,0
749,0
750,3
751,2
752,2
753,2
754,3
755,0
756,1
757,0
758,0
759,0
760,2
761,1
762,1
763,2
764,3
765,0
766,0
767,0
768,2
769,3
770,2
771,3
772,2
773,4
774,1
775,2
776,1
777,0
778,1
779,1
780,2
781,2
782,1
783,2
784,0
785,2
786,1
787,1
788,0
789,1
790,4
791,4
792,1
793,3
794,1
795,1
796,2
797,2
798,1
799,2
800,1
801,3
802,0
803,1
804,3
805,2
806,2
807,1
808,0
809,1
810,0
811,0
812,1
813,3
814,0
815,0
816,0
817,1
818,1
819,4
820,1
821,0
822,2
823,3
824,2
825,1
826,0
827,1
828,2
829,0
830,3
831,1
832,3
833,3
834,0
835,1
836,1
837,1
838,0
839,0
840,1
841,1
842,2
843,2
844,1
845,4
846,0
847,0
848,0
849,1
850,0
851,0
852,1
853,0
854,0
855,1
856,0
857,2
858,0
859,5
860,0
861,0
862,0
863,0
864,0
865,1
866,0
867,1
868,3
869,1
870,1
871,3
872,2
873,1
874,1
875,1
876,3
877,3
878,1
879,3
880,3
881,0
882,2
883,3
884,4
885,3
886,3
887,1
888,3
889,1
890,0
891,0
892,3
893,1
894,1
895,3
896,1
897,0
898,0
899,1
900,3
901,1
902,1
903,0
904,1
905,1
906,1
907,2
908,4
909,5
910,0
911,3
912,0
913,3
914,0
915,0
916,2
917,0
918,2
919,2
920,2
921,3
922,2
923,1
924,1
925,3
926,3
927,1
928,3
929,0
930,3
931,0
932,0
933,3
934,0
935,2
936,3
937,3
938,1
939,0
940,3
941,0
942,6
943,1
944,1
945,4
946,0
947,2
948,0
949,2
950,3
951,1
952,2
953,2
954,0
955,2
956,4
957,1
958,4
959,4
960,0
961,3
962,2
963,2
964,0
965,3
966,2
967,2
968,0
969,2
970,1
971,2
972,0
973,2
974,1
975,2
976,2
977,2
978,2
979,4
980,2
981,2
982,4
983,3
984,2
985,3
986,3
987,2
988,1
989,2
990,1
991,0
992,3
993,3
994,1
995,3
996,5
997,0
998,0
999,0
1000,0
1001,2
1002,0
1003,1
1004,3
1005,3
1006,1
1007,0
1008,1
1009,0
1010,2
1011,2
1012,0
1013,0
1014,3
1015,0
1016,0
1017,0
1018,2
1019,0
1020,0
1021,2
1022,4
1023,0
1024,4
1025,3
1026,3
1027,2
1028,2
1029,2
1030,3
1031,2
1032,0
1033,2
1034,2
1035,0
1036,2
1037,1
1038,2
1039,0
1040,1
1041,0
1042,4
1043,0
1044,2
1045,0
1046,4
1047,0
1048,0
1049,1
1050,2
1051,0
1052,0
1053,2
1054,1
1055,1
1056,0
1057,2
1058,0
1059,3
1060,0
1061,0
1062,0
1063,2
1064,3
1065,2
1066,0
1067,1
1068,2
1069,1
1070,0
1071,2
1072,3
1073,0
1074,1
1075,2
1076,2
1077,2
1078,1
1079,2
1080,0
1081,2
1082,1
1083,0
1084,0
1085,0
1086,1
1087,0
1088,0
1089,1
1090,0
1091,2
1092,1
1093,2
1094,2
1095,3
1096,1
1097,4
1098,2
1099,1
1100,0
1101,0
1102,2
1103,2
1104,0
1105,2
1106,1
1107,0
1108,2
1109,4
1110,0
1111,1
1112,1
1113,1
1114,0
1115,0
1116,0
1117,4
1118,0
1119,1
1120,2
1121,2
1122,0
1123,1
1124,1
1125,2
1126,1
1127,4
1128,0
1129,1
1130,3
1131,1
1132,2
1133,3
1134,5
1135,1
1136,0
1137,1
1138,5
1139,0
1140,2
1141,2
1142,1
1143,1
1144,2
1145,3
1146,0
1147,5
1148,2
1149,1
1150,1
1151,2
1152,2
1153,1
1154,2
1155,3
1156,3
1157,1
1158,3
1159,1
1160,1
1161,0
1162,2
1163,1
1164,1
1165,1
1166,4
1167,1
1168,2
1169,2
1170,0
1171,1
1172,3
1173,0
1174,2
1175,0
1176,1
1177,1
1178,1
1179,0
1180,0
1181,0
1182,3
1183,0
1184,0
1185,0
1186,0
1187,2
1188,2
1189,3
1190,2
1191,0
1192,1
1193,0
1194,1
1195,0
1196,2
1197,3
1198,0
1199,0
1200,1
1201,0
1202,2
1203,2
1204,0
1205,2
1206,2
1207,2
1208,2
1209,1
1210,3
1211,0
1212,1
1213,4
1214,0
1215,0
1216,0
1217,3
1218,0
1219,1
1220,6
1221,0
1222,2
1223,2
1224,1
1225,1
1226,2
1227,1
1228,0
1229,3
1230,0
1231,0
1232,0
1233,1
1234,3
1235,0
1236,1
1237,0
1238,1
1239,1
1240,1
1241,6
1242,7
1243,2
1244,0
1245,1
1246,0
1247,1
1248,3
1249,1
1250,2
1251,1
1252,1
1253,3
1254,1
1255,1
1256,2
1257,1
1258,0
1259,2
1260,1
1261,1
1262,1
1263,2
1264,0
1265,1
1266,2
1267,1
1268,1
1269,1
1270,1
1271,2
1272,4
1273,0
1274,0
1275,4
1276,2
1277,3
1278,0
1279,3
1280,2
1281,3
1282,0
1283,2
1284,2
1285,2
1286,1
1287,1
1288,1
1289,0
1290,0
1291,3
1292,0
1293,0
1294,0
1295,2
1296,1
1297,2
1298,0
1299,2
1300,2
1301,1
1302,2
1303,2
1304,1
1305,1
1306,2
1307,1
1308,1
1309,2
1310,0
1311,2
1312,0
1313,2
1314,1
1315,0
1316,0
1317,4
1318,1
1319,0
1320,3
1321,2
1322,1
1323,0
1324,2
1325,3
1326,2
1327,3
1328,0
1329,2
1330,0
1331,2
1332,1
1333,0
1334,1
1335,1
1336,2
1337,2
1338,0
1339,0
1340,2
1341,0
1342,3
1343,1
1344,0
1345,1
1346,2
1347,0
1348,1
1349,3
1350,0
1351,3
1352,2
1353,0
1354,0
1355,0
1356,1
1357,0
1358,0
1359,2
1360,1
1361,2
1362,2
1363,3
1364,0
1365,7
1366,0
1367,2
1368,1
1369,0
1370,2
1371,0
1372,3
1373,1
1374,0
1375,4
1376,2
1377,0
1378,2
1379,0
1380,0
1381,1
1382,2
1383,1
1384,2
1385,2
1386,1
1387,0
1388,3
1389,0
1390,6
1391,1
1392,1
1393,0
1394,1
1395,1
1396,1
1397,0
1398,2
1399,0
1400,2
1401,0
1402,0
1403,0
1404,1
1405,2
1406,2
1407,0
1408,2
1409,4
1410,0
1411,2
1412,0
1413,1
1414,1
1415,0
1416,1
1417,1
1418,1
1419,0
1420,1
1421,2
1422,1
1423,0
1424,2
1425,5
1426,2
1427,3
1428,2
1429,2
1430,4
1431,2
1432,1
1433,0
1434,3
1435,1
1436,1
1437,2
1438,3
1439,1
1440,4
1441,0
1442,2
1443,1
1444,0
1445,2
1446,2
1447,1
1448,1
1449,1
1450,1
1451,1
1452,0
1453,0
1454,1
1455,1
1456,0
1457,1
1458,0
1459,0
1460,0
1461,1
1462,2
1463,0
1464,2
1465,3
1466,1
1467,0
1468,0
1469,2
1470,0
1471,2
1472,5
1473,1
1474,0
1475,2
1476,0
1477,0
1478,1
1479,4
1480,0
1481,2
1482,2
1483,1
1484,3
1485,1
1486,3
1487,1
1488,1
1489,0
1490,0
1491,0
1492,2
1493,1
1494,0
1495,4
1496,2
1497,2
1498,0
1499,2
1500,1
1501,3
1502,2
1503,0
1504,2
1505,1
1506,2
1507,3
1508,2
1509,3
1510,3
1511,1
1512,1
1513,2
1514,3
1515,2
1516,1
1517,2
1518,4
1519,2
1520,0
1521,2
1522,0
1523,2
1524,1
1525,0
1526,1
1527,2
1528,0
1529,0
1530,0
1531,7
1532,0
1533,0
1534,2
1535,1
1536,1
1537,3
1538,1
1539,0
1540,3
1541,2
1542,2
1543,1
1544,1
1545,0
1546,0
1547,2
1548,2
1549,2
1550,0
1551,1
1552,1
1553,0
1554,2
1555,2
1556,0
1557,2
1558,0
1559,3
1560,2
1561,2
1562,0
1563,1
1564,0
1565,1
1566,2
1567,1
1568,1
1569,0
1570,0
1571,2
1572,4
1573,0
1574,0
1575,1
1576,0
1577,1
1578,1
1579,0
1580,1
1581,0
1582,0
1583,0
1584,2
1585,0
1586,1
1587,0
1588,0
1589,0
1590,3
1591,0
1592,1
1593,2
1594,3
1595,1
1596,0
1597,3
1598,0
1599,2
1600,0
1601,4
1602,2
1603,2
1604,0
1605,4
1606,1
1607,2
1608,1
1609,1
1610,2
1611,4
1612,2
1613,0
1614,1
1615,0
1616,2
1617,0
1618,1
1619,1
1620,0
1621,2
1622,2
1623,2
1624,2
1625,4
1626,1
1627,1
1628,4
1629,1
1630,1
1631,0
1632,1
1633,1
1634,0
1635,0
1636,3
1637,2
1638,0
1639,1
1640,4
1641,1
1642,2
1643,4
1644,0
1645,0
1646,0
1647,0
1648,1
1649,0
1650,3
1651,2
1652,0
1653,1
1654,0
1655,3
1656,0
1657,2
1658,4
1659,3
1660,0
1661,2
1662,0
1663,1
1664,5
1665,0
1666,3
1667,2
1668,0
1669,2
1670,1
1671,0
1672,3
1673,2
1674,5
1675,0
1676,2
1677,4
1678,1
1679,3
1680,1
1681,1
1682,3
1683,3
1684,1
1685,0
1686,0
1687,1
1688,1
1689,1
1690,0
1691,0
1692,1
1693,0
1694,1
1695,2
1696,0
1697,0
1698,2
1699,1
1700,0
1701,0
1702,0
1703,0
1704,0
1705,1
1706,4
1707,4
1708,1
1709,1
1710,0
1711,1
1712,0
1713,4
1714,1
1715,3
1716,2
1717,2
1718,0
1719,0
1720,4
1721,0
1722,2
1723,2
1724,1
1725,2
1726,2
1727,0
1728,2
1729,0
1730,0
1731,2
1732,1
1733,0
1734,1
1735,1
1736,1
1737,4
1738,1
1739,0
1740,3
1741,1
1742,0
1743,1
1744,1
1745,0
1746,0
1747,2
1748,1
1749,1
1750,1
1751,0
1752,2
1753,0
1754,0
1755,0
1756,0
1757,1
1758,0
1759,1
1760,0
1761,1
1762,0
1763,1
1764,1
1765,3
1766,2
1767,3
1768,0
1769,0
1770,0
1771,1
1772,1
1773,0
1774,0
1775,1
1776,2
1777,4
1778,1
1779,2
1780,2
1781,1
1782,0
1783,0
1784,1
1785,0
1786,2
1787,2
1788,0
1789,2
1790,3
1791,1
1792,2
1793,2
1794,1
1795,3
1796,1
1797,1
1798,1
1799,2
1800,4
1801,0
1802,0
1803,1
1804,3
1805,0
1806,3
1807,0
1808,0
1809,0
1810,0
1811,2
1812,0
1813,0
1814,0
1815,1
1816,0
1817,3
1818,0
1819,0
1820,2
1821,0
1822,1
1823,2
1824,0
1825,4
1826,1
1827,0
1828,3
1829,0
1830,1
1831,0
1832,0
1833,0
1834,3
1835,1
1836,1
1837,1
1838,1
1839,1
1840,2
1841,3
1842,1
1843,1
1844,1
1845,1
1846,2
1847,0
1848,1
1849,4
1850,0
1851,0
1852,1
1853,0
1854,2
1855,3
1856,0
1857,1
1858,4
1859,1
1860,2
1861,1
1862,2
1863,2
1864,0
1865,1
1866,1
1867,0
1868,2
1869,0
1870,1
1871,2
1872,0
1873,2
1874,3
1875,2
1876,1
1877,0
1878,0
1879,2
1880,1
1881,1
1882,1
1883,3
1884,0
1885,1
1886,0
1887,1
1888,0
1889,4
1890,2
1891,4
1892,1
1893,1
1894,6
1895,1
1896,2
1897,0
1898,0
1899,4
1900,0
1901,0
1902,1
1903,0
1904,1
1905,0
1906,0
1907,1
1908,0
1909,0
1910,1
1911,1
1912,0
1913,0
1914,1
1915,0
1916,1
1917,4
1918,3
1919,0
1920,1
1921,1
1922,1
1923,0
1924,2
1925,4
1926,1
1927,1
1928,1
1929,1
1930,0
1931,2
1932,5
1933,0
1934,1
1935,0
1936,1
1937,0
1938,0
1939,0
1940,0
1941,0
1942,0
1943,0
1944,1
1945,0
1946,2
1947,3
1948,0
1949,0
1950,0
1951,0
1952,2
1953,4
1954,1
1955,2
1956,1
1957,0
1958,2
1959,1
1960,0
1961,1
1962,1
1963,0
1964,0
1965,1
1966,1
1967,0
1968,3
1969,0
1970,1
1971,0
1972,0
1973,1
1974,0
1975,0
1976,0
1977,0
1978,1
1979,1
1980,0
1981,1
1982,2
1983,0
1984,2
1985,1
1986,2
1987,1
1988,2
1989,0
1990,3
1991,0
1992,1
1993,2
1994,1
1995,4
1996,2
1997,0
1998,2
1999,1
2000,1
2001,2
2002,1
2003,1
2004,3
2005,1
2006,1
2007,1
2008,2
2009,0
2010,1
2011,4
2012,3
2013,1
2014,4
2015,1
2016,0
2017,0
2018,1
2019,0
2020,0
2021,2
2022,1
2023,2
2024,0
2025,1
2026,2
2027,1
2028,1
2029,1
2030,1
2031,1
2032,0
2033,0
2034,0
2035,0
2036,2
2037,2
2038,0
2039,1
2040,1
2041,0
2042,1
2043,1
2044,1
2045,2
2046,1
2047,0
2048,2
2049,0
2050,1
2051,1
2052,0
2053,0
2054,1
2055,2
2056,0
2057,1
2058,0
2059,0
2060,1
2061,0
2062,0
2063,0
2064,0
2065,0
2066,3
2067,0
2068,1
2069,2
2070,0
2071,1
2072,2
2073,1
2074,3
2075,1
2076,1
2077,0
2078,0
2079,2
2080,0
2081,1
2082,1
2083,2
2084,0
2085,1
2086,2
2087,1
2088,2
2089,3
2090,0
2091,0
2092,4
2093,0
2094,1
2095,0
2096,0
2097,0
2098,1
2099,0
2100,0
2101,1
2102,1
2103,1
2104,1
2105,0
2106,0
2107,0
2108,1
2109,1
2110,2
2111,1
2112,0
2113,3
2114,1
2115,0
2116,2
2117,1
2118,1
2119,1
2120,4
2121,0
2122,2
2123,1
2124,2
2125,2
2126,1
2127,0
2128,1
2129,2
2130,1
2131,0
2132,0
2133,1
2134,1
2135,0
2136,2
2137,0
2138,1
2139,2
2140,0
2141,0
2142,0
2143,0
2144,1
2145,1
2146,2
2147,1
2148,2
2149,0
2150,0
2151,2
2152,3
2153,2
2154,2
2155,1
2156,7
2157,1
2158,1
2159,4
2160,2
2161,1
2162,1
2163,1
2164,0
2165,1
2166,2
2167,0
2168,1
2169,0
2170,0
2171,0
2172,1
2173,2
2174,3
2175,1
2176,0
2177,0
2178,1
2179,3
2180,0
2181,0
2182,1
2183,0
2184,2
2185,1
2186,1
2187,0
2188,0
2189,0
2190,0
2191,1
2192,0
2193,0
2194,1
2195,0
2196,1
2197,1
2198,0
2199,1
2200,2
2201,2
2202,2
2203,0
2204,3
2205,0
2206,1
2207,1
2208,0
2209,2
2210,1
2211,0
2212,1
2213,0
2214,1
2215,1
2216,1
2217,1
2218,0
2219,1
2220,2
2221,0
2222,0
2223,1
2224,0
2225,0
2226,3
2227,1
2228,1
2229,1
2230,3
2231,1
2232,0
2233,0
2234,1
2235,0
2236,1
2237,0
2238,5
2239,0
2240,0
2241,2
2242,2
2243,1
2244,0
2245,1
2246,1
2247,2
2248,2
2249,1
2250,1
2251,0
2252,1
2253,1
2254,1
2255,3
2256,2
2257,1
2258,6
2259,1
2260,0
2261,1
2262,0
2263,5
2264,1
2265,3
2266,1
2267,1
2268,5
2269,1
2270,1
2271,1
2272,2
2273,2
2274,5
2275,1
2276,1
2277,1
2278,1
2279,0
2280,2
2281,1
2282,1
2283,3
2284,1
2285,4
2286,2
2287,1
2288,1
2289,1
2290,3
2291,3
2292,3
2293,0
2294,1
2295,1
2296,1
2297,3
2298,0
2299,1
2300,3
2301,2
2302,1
2303,1
2304,1
2305,1
2306,0
2307,1
2308,3
2309,2
2310,1
2311,1
2312,5
2313,1
2314,2
2315,4
2316,0
2317,1
2318,0
2319,3
2320,1
2321,2
2322,1
2323,1
2324,1
2325,2
2326,1
2327,0
2328,1
2329,3
2330,1
2331,2
2332,1
2333,3
2334,2
2335,1
2336,2
2337,1
2338,2
2339,1
2340,2
2341,1
2342,0
2343,1
2344,0
2345,1
2346,5
2347,1
2348,1
2349,0
2350,1
2351,7
2352,4
2353,2
2354,1
2355,3
2356,1
2357,1
2358,1
2359,3
2360,1
2361,1
2362,1
2363,1
2364,0
2365,1
2366,0
2367,1
2368,2
2369,3
2370,0
2371,2
2372,3
2373,0
2374,1
2375,1
2376,1
2377,2
2378,1
2379,2
2380,2
2381,0
2382,0
2383,0
2384,0
2385,0
2386,1
2387,2
2388,2
2389,1
2390,2
2391,2
2392,4
2393,1
2394,0
2395,2
2396,3
2397,2
2398,3
2399,0
2400,2
2401,2
2402,4
2403,0
2404,3
2405,1
2406,0
2407,1
2408,3
2409,0
2410,1
2411,3
2412,0
2413,1
2414,1
2415,3
2416,1
2417,0
2418,0
2419,1
2420,1
2421,1
2422,0
2423,2
2424,3
2425,1
2426,4
2427,1
2428,1
2429,0
2430,5
2431,3
2432,1
2433,3
2434,1
2435,1
2436,4
2437,1
2438,1
2439,4
2440,2
2441,2
2442,3
2443,2
2444,1
2445,1
2446,1
2447,5
2448,0
2449,1
2450,1
2451,0
2452,6
2453,1
2454,0
2455,2
2456,1
2457,1
2458,1
2459,6
2460,0
2461,1
2462,1
2463,0
2464,2
2465,1
2466,0
2467,1
2468,2
2469,1
2470,1
2471,2
2472,5
2473,1
2474,3
2475,2
2476,1
2477,1
2478,1
2479,2
2480,4
2481,1
2482,3
2483,1
2484,1
2485,0
2486,4
2487,2
2488,0
2489,0
2490,1
2491,2
2492,4
2493,2
2494,5
2495,2
2496,2
2497,1
2498,0
2499,1
2500,1
2501,1
2502,1
2503,2
2504,5
2505,1
2506,1
2507,3
2508,2
2509,1
2510,2
2511,1
2512,2
2513,0
2514,4
2515,1
2516,2
2517,0
2518,3
2519,2
2520,4
2521,1
2522,1
2523,6
2524,1
2525,2
2526,1
2527,3
2528,2
2529,1
2530,3
2531,1
2532,2
2533,1
2534,4
2535,2
2536,3
2537,1
2538,1
2539,1
2540,2
2541,3
2542,3
2543,4
2544,3
2545,1
2546,1
2547,2
2548,4
2549,2
2550,4
2551,2
2552,1
2553,0
2554,1
2555,2
2556,2
2557,1
2558,3
2559,1
2560,0
2561,1
2562,0
2563,0
2564,2
2565,0
2566,1
2567,1
2568,4
2569,2
2570,2
2571,1
2572,2
2573,2
2574,3
2575,0
2576,0
2577,1
2578,1
2579,1
2580,1
2581,1
2582,2
2583,3
2584,1
2585,0
2586,1
2587,1
2588,0
2589,1
2590,1
2591,0
2592,1
2593,3
2594,0
2595,0
2596,2
2597,0
2598,1
2599,3
2600,3
2601,1
2602,1
2603,0
2604,2
2605,1
2606,2
2607,1
2608,1
2609,1
2610,6
2611,1
2612,0
2613,2
2614,1
2615,0
2616,3
2617,1
2618,1
2619,1
2620,0
2621,2
2622,2
2623,4
2624,0
2625,0
2626,0
2627,1
2628,2
2629,0
2630,1
2631,3
2632,0
2633,1
2634,1
2635,0
2636,2
2637,2
2638,3
2639,1
2640,0
2641,0
2642,4
2643,0
2644,0
2645,1
2646,3
2647,1
2648,0
2649,3
2650,3
2651,2
2652,0
2653,1
2654,1
2655,3
2656,1
2657,0
2658,1
2659,1
2660,3
2661,0
2662,0
2663,3
2664,1
2665,1
2666,0
2667,1
2668,2
2669,0
2670,4
2671,0
2672,1
2673,1
2674,0
2675,1
2676,1
2677,0
2678,0
2679,0
2680,1
2681,0
2682,2
2683,1
2684,5
2685,2
2686,0
2687,1
2688,2
2689,0
2690,2
2691,0
2692,1
2693,0
2694,1
2695,2
2696,2
2697,2
2698,0
2699,0
2700,2
2701,1
2702,1
2703,3
2704,0
2705,1
2706,2
2707,4
2708,1
2709,1
2710,3
2711,1
2712,1
2713,0
2714,2
2715,1
2716,2
2717,1
2718,2
2719,2
2720,1
2721,4
2722,2
2723,3
2724,0
2725,0
2726,0
2727,2
2728,1
2729,5
2730,2
2731,3
2732,0
2733,1
2734,1
2735,4
2736,2
2737,0
2738,1
2739,3
2740,2
2741,0
2742,1
2743,1
2744,1
2745,3
2746,4
2747,1
2748,5
2749,2
2750,0
2751,2
2752,1
2753,3
2754,0
2755,1
2756,1
2757,3
2758,1
2759,3
2760,0
2761,1
2762,0
2763,1
2764,4
2765,2
2766,0
2767,1
2768,2
2769,1
2770,1
2771,0
2772,2
2773,1
2774,2
2775,1
2776,1
2777,1
2778,6
2779,1
2780,4
2781,1
2782,1
2783,1
2784,1
2785,1
2786,2
2787,2
2788,0
2789,0
2790,4
2791,3
2792,2
2793,0
2794,0
2795,1
2796,0
2797,1
2798,2
2799,0
2800,0
2801,0
2802,3
2803,3
2804,0
2805,1
2806,1
2807,3
2808,1
2809,5
2810,2
2811,2
2812,4
2813,0
2814,0
2815,1
2816,2
2817,1
2818,2
2819,2
2820,0
2821,1
2822,5
2823,1
2824,1
2825,0
2826,2
2827,2
2828,2
2829,3
2830,2
2831,2
2832,3
2833,4
2834,2
2835,3
2836,0
2837,0
2838,4
2839,0
2840,3
2841,2
2842,4
2843,4
2844,2
2845,1
2846,2
2847,5
2848,2
2849,2
2850,2
2851,1
2852,0
2853,0
2854,1
2855,1
2856,2
2857,4
2858,2
2859,2
2860,0
2861,4
2862,0
2863,1
2864,3
2865,5
2866,1
2867,1
2868,1
2869,3
2870,6
2871,3
2872,1
2873,4
2874,1
2875,2
2876,3
2877,5
2878,0
2879,5
2880,1
2881,2
2882,2
2883,5
2884,4
2885,0
2886,2
2887,5
2888,0
2889,3
2890,3
2891,1
2892,2
2893,1
2894,0
2895,2
2896,0
2897,1
2898,2
2899,0
2900,5
2901,6
2902,1
2903,0
2904,0
2905,4
2906,5
2907,1
2908,5
2909,0
2910,4
2911,6
2912,0
2913,5
2914,2
2915,1
2916,0
2917,0
2918,3
2919,0
2920,4
2921,4
2922,0
2923,4
2924,5
2925,2
2926,2
2927,3
2928,4
2929,0
2930,0
2931,3
2932,2
2933,1
2934,5
2935,3
2936,7
2937,2
2938,5
2939,4
2940,3
2941,3
2942,2
2943,0
2944,2
2945,2
2946,5
2947,4
2948,1
2949,2
2950,4
2951,0
2952,3
2953,5
2954,4
2955,4
2956,3
2957,0
2958,2
2959,3
2960,5
2961,0
2962,4
2963,0
2964,4
2965,5
2966,0
2967,2
2968,2
2969,1
2970,4
2971,2
2972,4
2973,3
2974,1
2975,2
2976,2
2977,6
2978,4
2979,2
2980,4
2981,4
2982,0
2983,0
2984,2
2985,2
2986,5
2987,2
2988,4
2989,4
2990,5
2991,4
2992,2
2993,3
2994,2
2995,2
2996,0
2997,0
2998,2
2999,2
3000,2
3001,0
3002,2
3003,1
3004,5
3005,0
3006,3
3007,4
3008,4
3009,4
3010,4
3011,4
3012,4
3013,4
3014,4
3015,1
3016,2
3017,4
3018,3
3019,4
3020,5
3021,2
3022,2
3023,2
3024,2
3025,6
3026,2
3027,1
3028,4
3029,5
3030,4
3031,4
3032,2
3033,5
3034,6
3035,5
3036,3
3037,0
3038,2
3039,4
3040,2
3041,4
3042,3
3043,3
3044,0
3045,6
3046,2
3047,3
3048,0
3049,3
3050,5
3051,5
3052,2
3053,0
3054,2
3055,1
3056,3
3057,5
3058,0
3059,4
3060,4
3061,4
3062,2
3063,2
3064,3
3065,0
3066,0
3067,2
3068,0
3069,4
3070,0
3071,4
3072,0
3073,2
3074,2
3075,0
3076,2
3077,5
3078,5
3079,0
3080,1
3081,2
3082,0
3083,2
3084,2
3085,2
3086,2
3087,4
3088,4
3089,3
3090,4
3091,4
3092,0
3093,2
3094,4
3095,5
3096,4
3097,5
3098,1
3099,5
3100,2
3101,4
3102,2
3103,1
3104,5
3105,6
3106,4
3107,0
3108,4
3109,1
3110,0
3111,1
3112,2
3113,3
3114,4
3115,2
3116,6
3117,3
3118,3
3119,4
3120,2
3121,4
3122,4
3123,2
3124,2
3125,3
3126,5
3127,3
3128,2
3129,1
3130,6
3131,2
3132,0
3133,0
3134,2
3135,2
3136,3
3137,1
3138,2
3139,4
3140,2
3141,2
3142,0
3143,3
3144,3
3145,2
3146,1
3147,6
3148,2
3149,6
3150,0
3151,2
3152,2
3153,0
3154,3
3155,0
3156,4
3157,2
3158,4
3159,4
3160,0
3161,3
3162,4
3163,3
3164,0
3165,3
3166,3
3167,2
3168,5
3169,3
3170,0
3171,3
3172,4
3173,2
3174,3
3175,3
3176,5
3177,3
3178,2
3179,2
3180,0
3181,3
3182,3
3183,2
3184,4
3185,3
3186,2
3187,3
3188,2
3189,3
3190,4
3191,4
3192,4
3193,4
3194,2
3195,1
3196,4
3197,5
3198,4
3199,2
3200,1
3201,1
3202,4
3203,2
3204,2
3205,2
3206,3
3207,2
3208,2
3209,3
3210,1
3211,1
3212,2
3213,2
3214,3
3215,0
3216,3
3217,2
3218,0
3219,2
3220,0
3221,4
3222,2
3223,4
3224,3
3225,1
3226,1
3227,2
3228,4
3229,3
3230,2
3231,3
3232,4
3233,2
3234,3
3235,3
3236,2
3237,0
3238,0
3239,4
3240,1
3241,3
3242,4
3243,0
3244,4
3245,2
3246,4
3247,3
3248,3
3249,0
3250,5
3251,3
3252,2
3253,2
3254,2
3255,2
3256,0
3257,2
3258,1
3259,5
3260,1
3261,0
3262,3
3263,0
3264,3
3265,3
3266,2
3267,3
3268,2
3269,4
3270,0
3271,2
3272,1
3273,0
3274,3
3275,0
3276,2
3277,0
3278,3
3279,4
3280,4
3281,1
3282,2
3283,2
3284,2
3285,1
3286,1
3287,2
3288,0
3289,0
3290,0
3291,0
3292,1
3293,2
3294,2
3295,2
3296,5
3297,1
3298,3
3299,3
3300,2
3301,0
3302,3
3303,2
3304,3
3305,0
3306,2
3307,1
3308,2
3309,2
3310,1
3311,4
3312,5
3313,2
3314,0
3315,2
3316,1
3317,2
3318,3
3319,0
3320,2
3321,3
3322,4
3323,2
3324,0
3325,0
3326,0
3327,5
3328,2
3329,2
3330,2
3331,0
3332,6
3333,0
3334,0
3335,2
3336,4
3337,2
3338,3
3339,0
3340,2
3341,5
3342,4
3343,3
3344,3
3345,2
3346,2
3347,4
3348,4
3349,6
3350,0
3351,1
3352,3
3353,0
3354,2
3355,3
3356,4
3357,5
3358,4
3359,0
3360,5
3361,2
3362,3
3363,2
3364,3
3365,3
3366,2
3367,1
3368,2
3369,0
3370,0
3371,2
3372,2
3373,6
3374,2
3375,6
3376,3
3377,6
3378,1
3379,3
3380,0
3381,3
3382,6
3383,0
3384,3
3385,0
3386,2
3387,0
3388,5
3389,5
3390,2
3391,2
3392,2
3393,2
3394,1
3395,6
3396,2
3397,2
3398,0
3399,0
3400,3
3401,2
3402,5
3403,3
3404,2
3405,0
3406,3
3407,0
3408,5
3409,4
3410,4
3411,5
3412,3
3413,3
3414,3
3415,2
3416,2
3417,0
3418,0
3419,1
3420,4
3421,3
3422,1
3423,1
3424,2
3425,2
3426,4
3427,3
3428,4
3429,0
3430,3
3431,3
3432,0
3433,5
3434,3
3435,3
3436,2
3437,2
3438,5
3439,0
3440,2
3441,6
3442,0
3443,2
3444,4
3445,2
3446,0
3447,3
3448,2
3449,2
3450,0
3451,2
3452,2
3453,2
3454,6
3455,2
3456,1
3457,4
3458,2
3459,0
3460,0
3461,2
3462,4
3463,1
3464,0
3465,4
3466,2
3467,2
3468,2
3469,0
3470,1
3471,0
3472,2
3473,4
3474,2
3475,3
3476,2
3477,1
3478,2
3479,3
3480,1
3481,2
3482,2
3483,5
3484,3
3485,2
3486,3
3487,0
3488,3
3489,4
3490,1
3491,2
3492,3
3493,7
3494,3
3495,2
3496,1
3497,5
3498,0
3499,4
3500,0
3501,1
3502,0
3503,2
3504,4
3505,2
3506,3
3507,3
3508,2
3509,4
3510,2
3511,4
3512,2
3513,1
3514,2
3515,4
3516,3
3517,4
3518,2
3519,2
3520,0
3521,2
3522,3
3523,2
3524,3
3525,1
3526,1
3527,2
3528,2
3529,3
3530,0
3531,4
3532,4
3533,2
3534,1
3535,1
3536,4
3537,2
3538,2
3539,2
3540,3
3541,2
3542,4
3543,1
3544,1
3545,3
3546,2
3547,0
3548,2
3549,2
3550,2
3551,0
3552,3
3553,3
3554,1
3555,0
3556,2
3557,4
3558,2
3559,2
3560,4
3561,5
3562,2
3563,2
3564,1
3565,1
3566,1
3567,2
3568,3
3569,0
3570,2
3571,2
3572,6
3573,2
3574,2
3575,6
3576,2
3577,3
3578,4
3579,4
3580,4
3581,3
3582,1
3583,4
3584,3
3585,4
3586,4
3587,2
3588,2
3589,2
3590,0
3591,3
3592,2
3593,4
3594,3
3595,2
3596,2
3597,2
3598,3
3599,5
3600,1
3601,5
3602,3
3603,2
3604,0
3605,1
3606,2
3607,3
3608,4
3609,0
3610,2
3611,2
3612,0
3613,2
3614,2
3615,5
3616,1
3617,2
3618,2
3619,1
3620,3
3621,2
3622,0
3623,2
3624,4
3625,3
3626,3
3627,2
3628,3
3629,4
3630,2
3631,0
3632,3
3633,4
3634,2
3635,4
3636,2
3637,3
3638,2
3639,0
3640,4
3641,2
3642,4
3643,3
3644,2
3645,2
3646,1
3647,4
3648,1
3649,0
3650,0
3651,3
3652,4
3653,0
3654,2
3655,4
3656,0
3657,4
3658,3
3659,0
3660,3
3661,1
3662,0
3663,1
3664,3
3665,4
3666,3
3667,3
3668,4
3669,3
3670,4
3671,3
3672,4
3673,3
3674,2
3675,0
3676,2
3677,2
3678,4
3679,2
3680,3
3681,0
3682,0
3683,2
3684,0
3685,4
3686,2
3687,1
3688,1
3689,2
3690,2
3691,3
3692,2
3693,1
3694,2
3695,3
3696,3
3697,2
3698,3
3699,3
3700,3
3701,3
3702,3
3703,2
3704,1
3705,2
3706,2
3707,2
3708,3
3709,4
3710,3
3711,3
3712,2
3713,0
3714,2
3715,0
3716,1
3717,2
3718,4
3719,2
3720,1
3721,6
3722,2
3723,0
3724,0
3725,0
3726,1
3727,4
3728,2
3729,2
3730,1
3731,4
3732,2
3733,2
3734,4
3735,2
3736,3
3737,2
3738,4
3739,3
3740,2
3741,3
3742,2
3743,2
3744,0
3745,2
3746,5
3747,1
3748,4
3749,3
3750,3
3751,2
3752,4
3753,3
3754,6
3755,3
3756,4
3757,2
3758,3
3759,3
3760,2
3761,1
3762,1
3763,3
3764,3
3765,1
3766,3
3767,3
3768,3
3769,5
3770,4
3771,0
3772,4
3773,3
3774,1
3775,3
3776,2
3777,2
3778,3
3779,4
3780,3
3781,3
3782,4
3783,0
3784,0
3785,1
3786,0
3787,3
3788,3
3789,4
3790,2
3791,3
3792,2
3793,2
3794,3
3795,3
3796,4
3797,3
3798,3
3799,3
3800,2
3801,0
3802,2
3803,0
3804,2
3805,3
3806,4
3807,2
3808,3
3809,3
3810,3
3811,0
3812,2
3813,5
3814,2
3815,5
3816,4
3817,2
3818,4
3819,4
3820,4
3821,5
3822,4
3823,2
3824,3
3825,4
3826,1
3827,2
3828,3
3829,0
3830,2
3831,0
3832,1
3833,0
3834,0
3835,1
3836,2
3837,0
3838,0
3839,3
3840,3
3841,7
3842,2
3843,0
3844,3
3845,4
3846,0
3847,2
3848,0
3849,2
3850,0
3851,0
3852,1
3853,4
3854,2
3855,2
3856,2
3857,2
3858,3
3859,3
3860,2
3861,2
3862,2
3863,3
3864,5
3865,0
3866,2
3867,4
3868,3
3869,2
3870,1
3871,2
3872,5
3873,2
3874,4
3875,2
3876,3
3877,3
3878,5
3879,2
3880,3
3881,5
3882,4
3883,2
3884,3
3885,3
3886,1
3887,7
3888,4
3889,4
3890,2
3891,9
3892,2
3893,2
3894,2
3895,3
3896,1
3897,0
3898,3
3899,3
3900,4
3901,2
3902,2
3903,0
3904,3
3905,3
3906,3
3907,4
3908,2
3909,2
3910,0
3911,1
3912,3
3913,3
3914,1
3915,3
3916,3
3917,1
3918,5
3919,4
3920,3
3921,3
3922,3
3923,2
3924,1
3925,0
3926,0
3927,3
3928,2
3929,2
3930,1
3931,3
3932,2
3933,3
3934,1
3935,2
3936,2
3937,4
3938,4
3939,2
3940,3
3941,4
3942,4
3943,4
3944,0
3945,0
3946,1
3947,3
3948,3
3949,3
3950,3
3951,2
3952,2
3953,3
3954,1
3955,3
3956,3
3957,1
3958,1
3959,2
3960,3
3961,5
3962,3
3963,3
3964,2
3965,4
3966,3
3967,3
3968,1
3969,1
3970,7
3971,2
3972,2
3973,3
3974,2
3975,0
3976,4
3977,2
3978,4
3979,1
3980,2
3981,2
3982,3
3983,2
3984,3
3985,3
3986,3
3987,4
3988,3
3989,3
3990,0
3991,0
3992,2
3993,2
3994,3
3995,2
3996,4
3997,2
3998,2
3999,3
4000,3
4001,3
4002,4
4003,3
4004,3
4005,2
4006,2
4007,4
4008,5
4009,5
4010,0
4011,4
4012,3
4013,3
4014,3
4015,4
4016,3
4017,2
4018,0
4019,5
4020,3
4021,5
4022,2
4023,0
4024,5
4025,3
4026,2
4027,4
4028,5
4029,3
4030,2
4031,2
4032,3
4033,3
4034,3
4035,1
4036,0
4037,2
4038,2
4039,3
4040,2
4041,5
4042,3
4043,2
4044,3
4045,2
4046,1
4047,1
4048,0
4049,1
4050,3
4051,4
4052,0
4053,2
4054,2
4055,3
4056,2
4057,2
4058,4
4059,3
4060,4
4061,5
4062,0
4063,2
4064,4
4065,4
4066,5
4067,3
4068,1
4069,3
4070,6
4071,0
4072,4
4073,1
4074,4
4075,3
4076,4
4077,4
4078,3
4079,2
4080,2
4081,2
4082,0
4083,2
4084,5
4085,4
4086,2
4087,2
4088,4
4089,4
4090,4
4091,3
4092,2
4093,4
4094,1
4095,3
4096,4
4097,0
4098,0
4099,3
4100,5
4101,3
4102,2
4103,1
4104,5
4105,0
4106,3
4107,3
4108,4
4109,4
4110,3
4111,0
4112,2
4113,3
4114,4
4115,2
4116,2
4117,2
4118,2
4119,5
4120,3
4121,3
4122,4
4123,2
4124,2
4125,5
4126,5
4127,2
4128,5
4129,3
4130,3
4131,5
4132,2
4133,4
4134,5
4135,3
4136,2
4137,3
4138,2
4139,1
4140,1
4141,5
4142,1
4143,4
4144,4
4145,4
4146,2
4147,2
4148,0
4149,6
4150,2
4151,2
4152,6
4153,3
4154,3
4155,5
4156,4
4157,4
4158,2
4159,3
4160,2
4161,3
4162,2
4163,0
4164,0
4165,3
4166,3
4167,3
4168,1
4169,5
4170,0
4171,2
4172,3
4173,5
4174,4
4175,1
4176,3
4177,4
4178,3
4179,5
4180,4
4181,6
4182,2
4183,6
4184,3
4185,3
4186,3
4187,0
4188,2
4189,2
4190,4
4191,4
4192,4
4193,2
4194,4
4195,0
4196,1
4197,3
4198,3
4199,7
4200,5
4201,4
4202,5
4203,4
4204,3
4205,4
4206,2
4207,3
4208,5
4209,3
4210,6
4211,4
4212,1
4213,0
4214,2
4215,4
4216,3
4217,0
4218,2
4219,3
4220,2
4221,6
4222,6
4223,3
4224,1
4225,3
4226,3
4227,5
4228,2
4229,0
4230,5
4231,5
4232,4
4233,3
4234,5
4235,2
4236,3
4237,2
4238,3
4239,0
4240,1
4241,4
4242,5
4243,3
4244,5
4245,5
4246,0
4247,5
4248,2
4249,2
4250,0
4251,3
4252,3
4253,0
4254,3
4255,1
4256,4
4257,4
4258,3
4259,3
4260,4
4261,0
4262,0
4263,4
4264,4
4265,4
4266,2
4267,1
4268,6
4269,2
4270,7
4271,2
4272,3
4273,2
4274,6
4275,2
4276,5
4277,2
4278,3
4279,4
4280,5
4281,4
4282,4
4283,0
4284,2
4285,5
4286,3
4287,3
4288,3
4289,3
4290,4
4291,3
4292,1
4293,2
4294,5
4295,4
4296,5
4297,7
4298,2
4299,3
4300,2
4301,3
4302,3
4303,2
4304,3
4305,2
4306,3
4307,2
4308,0
4309,4
4310,3
4311,1
4312,2
4313,4
4314,6
4315,0
4316,2
4317,5
4318,2
4319,2
4320,4
4321,5
4322,1
4323,7
4324,3
4325,2
4326,6
4327,5
4328,3
4329,3
4330,4
4331,2
4332,4
4333,2
4334,4
4335,0
4336,2
4337,3
4338,2
4339,0
4340,0
4341,2
4342,4
4343,3
4344,2
4345,6
4346,4
4347,4
4348,4
4349,0
4350,2
4351,4
4352,4
4353,3
4354,3
4355,2
4356,3
4357,3
4358,1
4359,4
4360,4
4361,3
4362,4
4363,4
4364,4
4365,5
4366,1
4367,4
4368,3
4369,3
4370,4
4371,3
4372,6
4373,0
4374,4
4375,5
4376,4
4377,5
4378,2
4379,7
4380,4
4381,7
4382,3
4383,6
4384,5
4385,3
4386,5
4387,4
4388,4
4389,5
4390,5
4391,4
4392,4
4393,2
4394,2
4395,2
4396,3
4397,4
4398,1
4399,1
4400,2
4401,4
4402,5
4403,4
4404,2
4405,5
4406,4
4407,3
4408,2
4409,0
4410,4
4411,4
4412,4
4413,4
4414,0
4415,0
4416,3
4417,4
4418,3
4419,4
4420,4
4421,2
4422,3
4423,2
4424,3
4425,3
4426,5
4427,4
4428,4
4429,2
4430,3
4431,2
4432,4
4433,3
4434,1
4435,4
4436,4
4437,4
4438,4
4439,5
4440,3
4441,3
4442,3
4443,2
4444,2
4445,3
4446,4
4447,4
4448,4
4449,2
4450,3
4451,3
4452,5
4453,2
4454,5
4455,3
4456,4
4457,3
4458,3
4459,2
4460,3
4461,0
4462,5
4463,2
4464,4
4465,4
4466,2
4467,1
4468,4
4469,2
4470,4
4471,4
4472,5
4473,3
4474,3
4475,2
4476,7
4477,0
4478,4
4479,4
4480,5
4481,2
4482,5
4483,3
4484,5
4485,3
4486,4
4487,2
4488,4
4489,2
4490,2
4491,0
4492,4
4493,4
4494,3
4495,4
4496,7
4497,3
4498,7
4499,5
4500,4
4501,4
4502,2
4503,8
4504,2
4505,3
4506,3
4507,2
4508,4
4509,3
4510,3
4511,4
4512,6
4513,4
4514,2
4515,4
4516,1
4517,6
4518,2
4519,2
4520,2
4521,4
4522,0
4523,6
4524,3
4525,0
4526,5
4527,4
4528,4
4529,2
4530,2
4531,3
4532,5
4533,4
4534,5
4535,2
4536,5
4537,4
4538,1
4539,4
4540,2
4541,3
4542,1
4543,5
4544,6
4545,4
4546,3
4547,11
4548,1
4549,3
4550,5
4551,8
4552,3
4553,3
4554,2
4555,3
4556,4
4557,4
4558,7
4559,5
4560,2
4561,2
4562,4
4563,3
4564,2
4565,3
4566,3
4567,0
4568,3
4569,2
4570,4
4571,0
4572,4
4573,4
4574,2
4575,5
4576,3
4577,4
4578,4
4579,6
4580,5
4581,3
4582,3
4583,3
4584,5
4585,5
4586,4
4587,3
4588,3
4589,2
4590,3
4591,4
4592,3
4593,5
4594,0
4595,5
4596,1
4597,4
4598,3
4599,2
4600,3
4601,4
4602,3
4603,2
4604,5
4605,0
4606,6
4607,0
4608,1
4609,7
4610,7
4611,5
4612,2
4613,2
4614,4
4615,1
4616,0
4617,4
4618,4
4619,4
4620,3
4621,0
4622,4
4623,0
4624,5
4625,0
4626,2
4627,4
4628,6
4629,5
4630,5
4631,2
4632,4
4633,2
4634,0
4635,2
4636,3
4637,2
4638,0
4639,3
4640,2
4641,3
4642,0
4643,1
4644,0
4645,2
4646,1
4647,0
4648,0
4649,0
4650,2
4651,0
4652,0
4653,3
4654,4
4655,3
4656,3
4657,5
4658,2
4659,2
4660,4
4661,3
4662,3
4663,2
4664,3
4665,5
4666,0
4667,6
4668,6
4669,3
4670,0
4671,4
4672,3
4673,4
4674,2
4675,4
4676,1
4677,3
4678,5
4679,2
4680,4
4681,4
4682,3
4683,1
4684,5
4685,2
4686,2
4687,3
4688,3
4689,1
4690,5
4691,2
4692,7
4693,5
4694,5
4695,0
4696,4
4697,4
4698,3
4699,4
4700,0
4701,4
4702,2
4703,3
4704,1
4705,1
4706,1
4707,2
4708,2
4709,0
4710,2
4711,3
4712,3
4713,6
4714,3
4715,8
4716,3
4717,4
4718,0
4719,1
4720,2
4721,0
4722,4
4723,3
4724,4
4725,1
4726,4
4727,3
4728,5
4729,2
4730,2
4731,3
4732,3
4733,3
4734,0
4735,3
4736,6
4737,2
4738,4
4739,0
4740,4
4741,1
4742,3
4743,1
4744,3
4745,3
4746,5
4747,4
4748,1
4749,2
4750,2
4751,1
4752,7
4753,6
4754,3
4755,2
4756,5
4757,1
4758,3
4759,3
4760,3
4761,2
4762,3
4763,6
4764,5
4765,1
4766,0
4767,2
4768,2
4769,5
4770,3
4771,3
4772,5
4773,1
4774,4
4775,6
4776,1
4777,1
4778,1
4779,2
4780,6
4781,1
4782,3
4783,3
4784,7
4785,1
4786,6
4787,3
4788,10
4789,1
4790,0
4791,4
4792,5
4793,3
4794,3
4795,4
4796,6
4797,2
4798,2
4799,3
4800,6
4801,5
4802,3
4803,6
4804,3
4805,0
4806,7
4807,1
4808,4
4809,6
4810,6
4811,5
4812,3
4813,0
4814,5
4815,2
4816,4
4817,5
4818,2
4819,7
4820,0
4821,4
4822,3
4823,1
4824,2
4825,2
4826,0
4827,3
4828,1
4829,3
4830,1
4831,0
4832,2
4833,4
4834,2
4835,5
4836,5
4837,2
4838,4
4839,4
4840,0
4841,4
4842,3
4843,0
4844,2
4845,4
4846,1
4847,3
4848,3
4849,3
4850,3
4851,3
4852,2
4853,2
4854,4
4855,5
4856,3
4857,2
4858,4
4859,3
4860,3
4861,4
4862,0
4863,2
4864,6
4865,10
4866,0
4867,6
4868,3
4869,2
4870,4
4871,4
4872,1
4873,3
4874,3
4875,1
4876,5
4877,6
4878,3
4879,3
4880,2
4881,3
4882,5
4883,1
4884,5
4885,8
4886,4
4887,3
4888,2
4889,3
4890,3
4891,2
4892,3
4893,5
4894,1
4895,5
4896,1
4897,3
4898,2
4899,0
4900,5
4901,2
4902,1
4903,5
4904,2
4905,0
4906,5
4907,2
4908,1
4909,3
4910,0
4911,2
4912,5
4913,2
4914,0
4915,3
4916,3
4917,4
4918,3
4919,6
4920,2
4921,3
4922,3
4923,2
4924,3
4925,3
4926,3
4927,3
4928,4
4929,5
4930,3
4931,4
4932,4
4933,4
4934,3
4935,8
4936,1
4937,2
4938,1
4939,4
4940,1
4941,1
4942,5
4943,2
4944,1
4945,3
4946,3
4947,4
4948,0
4949,1
4950,2
4951,7
4952,3
4953,4
4954,4
4955,2
4956,4
4957,3
4958,3
4959,4
4960,0
4961,2
4962,0
4963,7
4964,4
4965,7
4966,3
4967,3
4968,3
4969,2
4970,5
4971,6
4972,6
4973,4
4974,3
4975,4
4976,4
4977,1
4978,6
4979,4
4980,0
4981,3
4982,1
4983,4
4984,4
4985,5
4986,9
4987,6
4988,3
4989,4
4990,3
4991,4
4992,4
4993,2
4994,3
4995,3
4996,6
4997,4
4998,3
4999,1
5000,4
5001,0
5002,0
5003,4
5004,4
5005,0
5006,4
5007,0
5008,3
5009,2
5010,2
5011,6
5012,5
5013,3
5014,3
5015,0
5016,2
5017,1
5018,6
5019,2
5020,3
5021,3
5022,3
5023,4
5024,5
5025,3
5026,6
5027,6
5028,4
5029,4
5030,3
5031,4
5032,2
5033,4
5034,2
5035,0
5036,0
5037,4
5038,2
5039,5
5040,2
5041,4
5042,2
5043,3
5044,4
5045,2
5046,1
5047,4
5048,3
5049,4
5050,4
5051,3
5052,3
5053,4
5054,3
5055,0
5056,3
5057,4
5058,3
5059,5
5060,2
5061,3
5062,4
5063,1
5064,5
5065,5
5066,2
5067,1
5068,4
5069,7
5070,5
5071,3
5072,5
5073,3
5074,2
5075,3
5076,2
5077,2
5078,2
5079,4
5080,6
5081,5
5082,1
5083,1
5084,3
5085,4
5086,3
5087,1
5088,6
5089,2
5090,4
5091,6
5092,6
5093,7
5094,5
5095,2
5096,3
5097,0
5098,4
5099,4
5100,0
5101,4
5102,3
5103,4
5104,4
5105,3
5106,2
5107,5
5108,5
5109,2
5110,4
5111,0
5112,4
5113,5
5114,3
5115,5
5116,4
5117,3
5118,2
5119,0
5120,2
5121,5
5122,5
5123,4
5124,3
5125,7
5126,5
5127,0
5128,3
5129,5
5130,5
5131,6
5132,12
5133,3
5134,3
5135,0
5136,3
5137,3
5138,8
5139,2
5140,1
5141,5
5142,5
5143,4
5144,2
5145,4
5146,5
5147,4
5148,4
5149,3
5150,3
5151,2
5152,3
5153,2
5154,4
5155,4
5156,5
5157,1
5158,4
5159,5
5160,5
5161,2
5162,2
5163,2
5164,3
5165,5
5166,1
5167,4
5168,1
5169,3
5170,3
5171,3
5172,2
5173,6
5174,0
5175,3
5176,5
5177,5
5178,3
5179,6
5180,4
5181,3
5182,3
5183,2
5184,5
5185,2
5186,2
5187,2
5188,4
5189,3
5190,2
5191,3
5192,2
5193,2
5194,6
5195,2
5196,5
5197,3
5198,4
5199,3
5200,0
5201,3
5202,5
5203,3
5204,4
5205,4
5206,2
5207,3
5208,2
5209,3
5210,3
5211,2
5212,1
5213,2
5214,4
5215,3
5216,3
5217,4
5218,6
5219,2
5220,4
5221,0
5222,3
5223,1
5224,5
5225,2
5226,3
5227,1
5228,5
5229,1
5230,3
5231,3
5232,4
5233,1
5234,6
5235,4
5236,4
5237,5
5238,2
5239,3
5240,3
5241,0
5242,3
5243,4
5244,1
5245,5
5246,2
5247,0
5248,3
5249,3
5250,5
5251,5
5252,2
5253,2
5254,3
5255,8
5256,5
5257,5
5258,4
5259,6
5260,2
5261,2
5262,4
5263,6
5264,5
5265,2
5266,2
5267,2
5268,7
5269,5
5270,2
5271,2
5272,3
5273,5
5274,6
5275,3
5276,2
5277,2
5278,5
5279,2
5280,3
5281,5
5282,4
5283,4
5284,6
5285,3
5286,3
5287,0
5288,0
5289,3
5290,1
5291,3
5292,0
5293,1
5294,6
5295,4
5296,0
5297,4
5298,3
5299,1
5300,5
5301,3
5302,3
5303,3
5304,5
5305,3
5306,4
5307,8
5308,5
5309,5
5310,1
5311,5
5312,3
5313,7
5314,6
5315,3
5316,2
5317,2
5318,1
5319,0
5320,6
5321,6
5322,3
5323,3
5324,0
5325,3
5326,1
5327,2
5328,2
5329,5
5330,5
5331,4
5332,2
5333,3
5334,3
5335,1
5336,0
5337,4
5338,3
5339,2
5340,0
5341,4
5342,2
5343,8
5344,3
5345,4
5346,3
5347,4
5348,2
5349,0
5350,3
5351,4
5352,3
5353,0
5354,3
5355,0
5356,0
5357,5
5358,2
5359,4
5360,4
5361,4
5362,3
5363,7
5364,2
5365,4
5366,4
5367,3
5368,2
5369,0
5370,5
5371,4
5372,3
5373,2
5374,2
5375,9
5376,5
5377,2
5378,4
5379,0
5380,3
5381,5
5382,0
5383,2
5384,3
5385,4
5386,5
5387,0
5388,3
5389,3
5390,3
5391,4
5392,4
5393,1
5394,3
5395,4
5396,2
5397,5
5398,0
5399,5
5400,3
5401,2
5402,2
5403,5
5404,2
5405,1
5406,4
5407,0
5408,3
5409,3
5410,4
5411,5
5412,9
5413,6
5414,3
5415,2
5416,4
5417,2
5418,4
5419,3
5420,5
5421,5
5422,2
5423,4
5424,3
5425,5
5426,4
5427,2
5428,2
5429,2
5430,7
5431,1
5432,7
5433,3
5434,4
5435,5
5436,3
5437,3
5438,1
5439,4
5440,3
5441,4
5442,1
5443,0
5444,4
5445,3
5446,3
5447,3
5448,3
5449,4
5450,1
5451,1
5452,6
5453,3
5454,5
5455,2
5456,2
5457,2
5458,4
5459,2
5460,1
5461,7
5462,1
5463,2
5464,2
5465,3
5466,8
5467,7
5468,2
5469,0
5470,2
5471,4
5472,0
5473,3
5474,4
5475,4
5476,5
5477,2
5478,2
5479,2
5480,2
5481,2
5482,3
5483,1
5484,3
5485,0
5486,2
5487,3
5488,6
5489,1
5490,2
5491,5
5492,1
5493,5
5494,2
5495,4
5496,6
5497,4
5498,3
5499,4
5500,3
5501,5
5502,3
5503,4
5504,3
5505,5
5506,5
5507,3
5508,2
5509,0
5510,3
5511,5
5512,5
5513,6
5514,3
5515,3
5516,2
5517,5
5518,4
5519,4
5520,4
5521,3
5522,4
5523,4
5524,0
5525,4
5526,4
5527,2
5528,2
5529,4
5530,1
5531,4
5532,3
5533,2
5534,5
5535,8
5536,4
5537,1
5538,6
5539,5
5540,3
5541,5
5542,4
5543,4
5544,5
5545,2
5546,3
5547,4
5548,2
5549,6
5550,5
5551,2
5552,3
5553,5
5554,3
5555,2
5556,1
5557,5
5558,5
5559,1
5560,4
5561,3
5562,0
5563,4
5564,3
5565,3
5566,4
5567,2
5568,3
5569,9
5570,4
5571,4
5572,1
5573,0
5574,4
5575,2
5576,5
5577,5
5578,1
5579,3
5580,4
5581,0
5582,3
5583,8
5584,4
5585,3
5586,2
5587,5
5588,5
5589,0
5590,0
5591,4
5592,3
5593,3
5594,4
5595,5
5596,3
5597,2
5598,2
5599,2
5600,4
5601,0
5602,5
5603,1
5604,5
5605,4
5606,2
5607,4
5608,2
5609,2
5610,4
5611,4
5612,3
5613,1
5614,3
5615,2
5616,2
5617,4
5618,3
5619,5
5620,3
5621,5
5622,5
5623,2
5624,4
5625,8
5626,4
5627,2
5628,4
5629,1
5630,4
5631,4
5632,4
5633,5
5634,3
5635,5
5636,0
5637,6
5638,5
5639,7
5640,7
5641,4
5642,5
5643,4
5644,4
5645,2
5646,4
5647,6
5648,3
5649,3
5650,3
5651,3
5652,3
5653,2
5654,3
5655,3
5656,1
5657,7
5658,7
5659,3
5660,2
5661,1
5662,2
5663,8
5664,6
5665,6
5666,3
5667,4
5668,3
5669,4
5670,4
5671,5
5672,1
5673,0
5674,5
5675,3
5676,5
5677,2
5678,4
5679,4
5680,3
5681,0
5682,5
5683,4
5684,4
5685,3
5686,5
5687,2
5688,3
5689,1
5690,3
5691,4
5692,3
5693,3
5694,6
5695,4
5696,3
5697,7
5698,3
5699,3
5700,5
5701,5
5702,6
5703,6
5704,3
5705,5
5706,4
5707,3
5708,2
5709,2
5710,3
5711,4
5712,5
5713,3
5714,5
5715,4
5716,4
5717,4
5718,3
5719,3
5720,4
5721,4
5722,3
5723,5
5724,3
5725,6
5726,3
5727,3
5728,2
5729,3
5730,2
5731,2
5732,5
5733,5
5734,4
5735,2
5736,7
5737,3
5738,7
5739,3
5740,2
5741,5
5742,3
5743,5
5744,0
5745,2
5746,4
5747,3
5748,1
5749,2
5750,3
5751,6
5752,3
5753,5
5754,2
5755,4
5756,2
5757,4
5758,2
5759,1
5760,3
5761,3
5762,2
5763,2
5764,5
5765,4
5766,6
5767,5
5768,4
5769,4
5770,6
5771,5
5772,2
5773,8
5774,3
5775,4
5776,4
5777,3
5778,2
5779,5
5780,8
5781,3
5782,2
5783,2
5784,0
5785,2
5786,6
5787,7
5788,1
5789,4
5790,3
5791,2
5792,7
5793,4
5794,6
5795,6
5796,5
5797,3
5798,2
5799,1
5800,2
5801,5
5802,5
5803,1
5804,2
5805,5
5806,2
5807,3
5808,6
5809,3
5810,5
5811,6
5812,4
5813,6
5814,3
5815,2
5816,5
5817,5
5818,6
5819,1
5820,6
5821,4
5822,4
5823,3
5824,3
5825,6
5826,1
5827,5
5828,3
5829,4
5830,4
5831,2
5832,5
5833,5
5834,5
5835,6
5836,1
5837,4
5838,3
5839,4
5840,4
5841,3
5842,4
5843,5
5844,4
5845,4
5846,4
5847,7
5848,2
5849,9
5850,4
5851,3
5852,5
5853,1
5854,5
5855,6
5856,4
5857,3
5858,4
5859,5
5860,2
5861,5
5862,8
5863,4
5864,3
5865,3
5866,2
5867,3
5868,4
5869,4
5870,6
5871,3
5872,3
5873,6
5874,3
5875,5
5876,3
5877,5
5878,8
5879,6
5880,3
5881,5
5882,5
5883,9
5884,3
5885,3
5886,5
5887,1
5888,5
5889,4
5890,9
5891,3
5892,3
5893,6
5894,3
5895,2
5896,1
5897,4
5898,1
5899,1
5900,2
5901,1
5902,2
5903,4
5904,6
5905,5
5906,4
5907,3
5908,3
5909,4
5910,3
5911,3
5912,2
5913,1
5914,2
5915,0
5916,5
5917,3
5918,3
5919,6
5920,5
5921,6
5922,6
5923,4
5924,5
5925,1
5926,2
5927,3
5928,4
5929,3
5930,3
5931,5
5932,6
5933,5
5934,5
5935,5
5936,3
5937,3
5938,3
5939,4
5940,6
5941,1
5942,4
5943,4
5944,6
5945,3
5946,7
5947,6
5948,6
5949,4
5950,5
5951,6
5952,6
5953,5
5954,5
5955,3
5956,4
5957,3
5958,3
5959,1
5960,2
5961,3
5962,0
5963,6
5964,5
5965,5
5966,4
5967,5
5968,3
5969,3
5970,4
5971,3
5972,4
5973,0
5974,2
5975,4
5976,6
5977,6
5978,2
5979,6
5980,6
5981,4
5982,3
5983,1
5984,5
5985,6
5986,4
5987,3
5988,1
5989,2
5990,3
5991,5
5992,5
5993,3
5994,4
5995,1
5996,3
5997,2
5998,5
5999,5
6000,2
6001,4
6002,6
6003,6
6004,6
6005,7
6006,3
6007,2
6008,4
6009,6
6010,4
6011,4
6012,5
6013,3
6014,4
6015,6
6016,5
6017,4
6018,1
6019,2
6020,3
6021,2
6022,2
6023,3
6024,1
6025,8
6026,5
6027,3
6028,6
6029,5
6030,5
6031,6
6032,4
6033,2
6034,4
6035,7
6036,2
6037,5
6038,3
6039,3
6040,4
6041,4
6042,4
6043,6
6044,5
6045,5
6046,3
6047,3
6048,4
6049,3
6050,2
6051,2
6052,7
6053,3
6054,5
6055,2
6056,3
6057,4
6058,2
6059,2
6060,4
6061,5
6062,3
6063,3
6064,5
6065,5
6066,4
6067,5
6068,3
6069,5
6070,5
6071,2
6072,6
6073,4
6074,8
6075,5
6076,6
6077,6
6078,6
6079,6
6080,4
6081,4
6082,11
6083,3
6084,2
6085,5
6086,2
6087,6
6088,6
6089,7
6090,4
6091,4
6092,5
6093,3
6094,5
6095,4
6096,4
6097,6
6098,6
6099,2
6100,2
6101,6
6102,3
6103,7
6104,6
6105,3
6106,3
6107,3
6108,3
6109,9
6110,6
6111,3
6112,1
6113,3
6114,3
6115,5
6116,6
6117,5
6118,3
6119,7
6120,5
6121,2
6122,7
6123,2
6124,4
6125,7
6126,7
6127,2
6128,5
6129,3
6130,5
6131,3
6132,7
6133,5
6134,3
6135,6
6136,2
6137,3
6138,6
6139,1
6140,6
6141,4
6142,6
6143,8
6144,7
6145,5
6146,5
6147,4
6148,5
6149,3
6150,5
6151,6
6152,6
6153,3
6154,5
6155,7
6156,6
6157,4
6158,7
6159,4
6160,2
6161,5
6162,3
6163,3
6164,6
6165,4
6166,5
6167,4
6168,7
6169,4
6170,4
6171,2
6172,4
6173,4
6174,6
6175,3
6176,7
6177,3
6178,6
6179,5
6180,6
6181,7
6182,3
6183,7
6184,5
6185,3
6186,4
6187,3
6188,3
6189,4
6190,6
6191,2
6192,5
6193,3
6194,5
6195,5
6196,6
6197,4
6198,7
6199,5
6200,2
6201,3
6202,5
6203,9
6204,2
6205,6
6206,7
6207,6
6208,4
6209,5
6210,2
6211,3
6212,5
6213,4
6214,6
6215,4
6216,8
6217,4
6218,6
6219,4
6220,4
6221,4
6222,6
6223,4
6224,3
6225,7
6226,7
6227,5
6228,6
6229,3
6230,4
6231,7
6232,2
6233,5
6234,6
6235,3
6236,2
6237,5
6238,8
6239,2
6240,2
6241,5
6242,5
6243,8
6244,4
6245,5
6246,4
6247,7
6248,1
6249,4
6250,4
6251,3
6252,4
6253,6
6254,6
6255,6
6256,5
6257,5
6258,6
6259,5
6260,3
6261,2
6262,3
6263,4
6264,6
6265,6
6266,2
6267,6
6268,4
6269,4
6270,4
6271,6
6272,4
6273,3
6274,4
6275,8
6276,4
6277,6
6278,3
6279,5
6280,1
6281,6
6282,4
6283,3
6284,5
6285,5
6286,6
6287,6
6288,3
6289,5
6290,5
6291,5
6292,4
6293,4
6294,7
6295,5
6296,3
6297,3
6298,3
6299,4
6300,2
6301,6
6302,5
6303,6
6304,5
6305,7
6306,5
6307,5
6308,6
6309,7
6310,7
6311,2
6312,4
6313,6
6314,6
6315,2
6316,5
6317,5
6318,5
6319,4
6320,6
6321,7
6322,3
6323,4
6324,4
6325,8
6326,2
6327,3
6328,1
6329,6
6330,3
6331,2
6332,5
6333,2
6334,5
6335,2
6336,2
6337,4
6338,4
6339,6
6340,4
6341,3
6342,5
6343,4
6344,4
6345,3
6346,5
6347,1
6348,3
6349,7
6350,4
6351,6
6352,6
6353,4
6354,3
6355,4
6356,6
6357,7
6358,2
6359,4
6360,4
6361,2
6362,5
6363,3
6364,5
6365,5
6366,5
6367,4
6368,4
6369,5
6370,4
6371,5
6372,9
6373,2
6374,6
6375,4
6376,5
6377,4
6378,4
6379,4
6380,6
6381,6
6382,6
6383,6
6384,6
6385,5
6386,6
6387,7
6388,5
6389,4
6390,5
6391,5
6392,5
6393,1
6394,5
6395,5
6396,4
6397,4
6398,5
6399,3
6400,4
6401,5
6402,8
6403,4
6404,6
6405,5
6406,5
6407,6
6408,1
6409,2
6410,3
6411,5
6412,6
6413,3
6414,3
6415,5
6416,3
6417,2
6418,6
6419,5
6420,6
6421,6
6422,5
6423,6
6424,9
6425,6
6426,4
6427,5
6428,2
6429,4
6430,3
6431,1
6432,4
6433,7
6434,7
6435,5
6436,1
6437,6
6438,5
6439,6
6440,2
6441,6
6442,3
6443,5
6444,6
6445,2
6446,6
6447,1
6448,6
6449,3
6450,6
6451,2
6452,4
6453,5
6454,6
6455,6
6456,6
6457,6
6458,4
6459,5
6460,4
6461,5
6462,3
6463,4
6464,6
6465,5
6466,4
6467,5
6468,3
6469,5
6470,6
6471,2
6472,4
6473,6
6474,7
6475,3
6476,4
6477,6
6478,4
6479,8
6480,7
6481,6
6482,7
6483,2
6484,6
6485,7
6486,7
6487,6
6488,5
6489,4
6490,5
6491,2
6492,6
6493,3
6494,2
6495,5
6496,3
6497,2
6498,4
6499,3
6500,6
6501,6
6502,4
6503,5
6504,4
6505,9
6506,5
6507,5
6508,6
6509,5
6510,7
6511,6
6512,5
6513,9
6514,6
6515,6
6516,3
6517,6
6518,4
6519,5
6520,4
6521,5
6522,4
6523,6
6524,6
6525,3
6526,4
6527,4
6528,4
6529,5
6530,2
6531,6
6532,8
6533,4
6534,4
6535,3
6536,6
6537,4
6538,3
6539,6
6540,2
6541,5
6542,7
6543,3
6544,5
6545,4
6546,5
6547,8
6548,7
6549,5
6550,4
6551,7
6552,3
6553,4
6554,4
6555,5
6556,4
6557,6
6558,5
6559,7
6560,2
6561,4
6562,6
6563,5
6564,3
6565,6
6566,5
6567,6
6568,7
6569,3
6570,3
6571,3
6572,4
6573,7
6574,3
6575,5
6576,4
6577,6
6578,3
6579,5
6580,4
6581,4
6582,5
6583,2
6584,4
6585,6
6586,4
6587,2
6588,7
6589,4
6590,3
6591,4
6592,7
6593,5
6594,7
6595,6
6596,3
6597,4
6598,4
6599,5
6600,3
6601,6
6602,6
6603,4
6604,7
6605,9
6606,4
6607,7
6608,8
6609,6
6610,8
6611,1
6612,3
6613,4
6614,3
6615,6
6616,5
6617,6
6618,8
6619,4
6620,6
6621,3
6622,2
6623,3
6624,10
6625,5
6626,3
6627,7
6628,6
6629,4
6630,4
6631,3
6632,5
6633,5
6634,6
6635,4
6636,6
6637,2
6638,2
6639,5
6640,4
6641,6
6642,6
6643,5
6644,1
6645,6
6646,6
6647,6
6648,5
6649,3
6650,6
6651,1
6652,4
6653,3
6654,4
6655,3
6656,2
6657,4
6658,3
6659,3
6660,7
6661,6
6662,2
6663,8
6664,5
6665,5
6666,3
6667,6
6668,4
6669,6
6670,3
6671,5
6672,7
6673,4
6674,7
6675,2
6676,5
6677,3
6678,4
6679,3
6680,5
6681,5
6682,6
6683,4
6684,6
6685,5
6686,4
6687,7
6688,3
6689,6
6690,2
6691,4
6692,6
6693,6
6694,2
6695,3
6696,4
6697,6
6698,7
6699,5
6700,6
6701,2
6702,4
6703,6
6704,6
6705,5
6706,3
6707,2
6708,7
6709,4
6710,5
6711,5
6712,4
6713,5
6714,4
6715,7
6716,5
6717,4
6718,5
6719,5
6720,8
6721,3
6722,4
6723,7
6724,6
6725,2
6726,5
6727,5
6728,7
6729,3
6730,5
6731,3
6732,2
6733,4
6734,7
6735,5
6736,5
6737,6
6738,8
6739,5
6740,4
6741,5
6742,1
6743,6
6744,4
6745,6
6746,5
6747,4
6748,6
6749,7
6750,11
6751,8
6752,4
6753,6
6754,8
6755,4
6756,3
6757,5
6758,5
6759,5
6760,6
6761,6
6762,10
6763,5
6764,6
6765,6
6766,4
6767,8
6768,5
6769,4
6770,5
6771,5
6772,5
6773,5
6774,4
6775,5
6776,6
6777,4
6778,6
6779,2
6780,9
6781,2
6782,6
6783,3
6784,5
6785,4
6786,9
6787,6
6788,2
6789,7
6790,6
6791,5
6792,5
6793,3
6794,5
6795,6
6796,2
6797,4
6798,6
6799,5
6800,7
6801,7
6802,6
6803,3
6804,5
6805,6
6806,8
6807,7
6808,5
6809,3
6810,5
6811,6
6812,7
6813,4
6814,4
6815,3
6816,7
6817,5
6818,7
6819,6
6820,4
6821,5
6822,3
6823,6
6824,7
6825,5
6826,5
6827,5
6828,6
6829,5
6830,5
6831,5
6832,6
6833,4
6834,7
6835,3
6836,7
6837,4
6838,8
6839,4
6840,4
6841,5
6842,5
6843,1
6844,4
6845,4
6846,6
6847,6
6848,3
6849,10
6850,4
6851,4
6852,3
6853,6
6854,4
6855,2
6856,8
6857,7
6858,7
6859,5
6860,4
6861,6
6862,7
6863,11
6864,4
6865,6
6866,4
6867,7
6868,5
6869,3
6870,5
6871,9
6872,5
6873,4
6874,6
6875,4
6876,6
6877,8
6878,2
6879,9
6880,6
6881,5
6882,4
6883,5
6884,10
6885,6
6886,7
6887,6
6888,7
6889,5
6890,4
6891,2
6892,6
6893,3
6894,7
6895,3
6896,3
6897,4
6898,8
6899,5
6900,8
6901,4
6902,8
6903,3
6904,3
6905,7
6906,6
6907,3
6908,6
6909,5
6910,7
6911,6
6912,4
6913,11
6914,5
6915,6
6916,3
6917,5
6918,6
6919,2
6920,11
6921,3
6922,6
6923,5
6924,10
6925,2
6926,2
6927,6
6928,3
6929,7
6930,5
6931,5
6932,7
6933,5
6934,7
6935,6
6936,8
6937,3
6938,4
6939,6
6940,5
6941,3
6942,7
6943,3
6944,3
6945,3
6946,3
6947,6
6948,11
6949,6
6950,5
6951,5
6952,4
6953,3
6954,5
6955,4
6956,7
6957,4
6958,5
6959,4
6960,5
6961,6
6962,4
6963,5
6964,5
6965,3
6966,6
6967,4
6968,5
6969,4
6970,5
6971,6
6972,3
6973,3
6974,5
6975,7
6976,8
6977,5
6978,4
6979,5
6980,6
6981,5
6982,5
6983,5
6984,4
6985,8
6986,5
6987,5
6988,4
6989,5
6990,5
6991,5
6992,3
6993,5
6994,4
6995,6
6996,4
6997,3
6998,4
6999,4
7000,4
7001,8
7002,3
7003,3
7004,3
7005,4
7006,5
7007,4
7008,5
7009,4
7010,5
7011,9
7012,7
7013,4
7014,3
7015,5
7016,3
7017,5
7018,3
7019,3
7020,7
7021,13
7022,5
7023,4
7024,4
7025,5
7026,4
7027,4
7028,2
7029,4
7030,5
7031,5
7032,5
7033,8
7034,5
7035,6
7036,6
7037,6
7038,4
7039,5
7040,7
7041,6
7042,6
7043,6
7044,4
7045,6
7046,9
7047,5
7048,5
7049,6
7050,6
7051,3
7052,5
7053,3
7054,5
7055,6
7056,3
7057,5
7058,3
7059,5
7060,6
7061,4
7062,3
7063,5
7064,8
7065,5
7066,4
7067,4
7068,6
7069,6
7070,6
7071,6
7072,4
7073,7
7074,5
7075,5
7076,3
7077,8
7078,4
7079,3
7080,7
7081,3
7082,6
7083,4
7084,5
7085,4
7086,3
7087,4
7088,7
7089,8
7090,5
7091,3
7092,3
7093,3
7094,5
7095,6
7096,5
7097,4
7098,4
7099,3
7100,5
7101,9
7102,4
7103,6
7104,6
7105,9
7106,2
7107,5
7108,1
7109,6
7110,5
7111,7
7112,3
7113,6
7114,5
7115,2
7116,6
7117,6
7118,5
7119,3
7120,5
7121,4
7122,2
7123,5
7124,8
7125,4
7126,4
7127,2
7128,6
7129,6
7130,5
7131,4
7132,6
7133,4
7134,1
7135,1
7136,4
7137,4
7138,7
7139,5
7140,8
7141,4
7142,4
7143,4
7144,5
7145,5
7146,5
7147,7
7148,5
7149,4
7150,8
7151,4
7152,4
7153,3
7154,5
7155,2
7156,4
7157,2
7158,7
7159,7
7160,5
7161,11
7162,6
7163,6
7164,5
7165,2
7166,3
7167,6
7168,7
7169,6
7170,1
7171,3
7172,4
7173,8
7174,5
7175,4
7176,4
7177,6
7178,6
7179,7
7180,3
7181,3
7182,5
7183,4
7184,7
7185,5
7186,7
7187,7
7188,3
7189,7
7190,5
7191,7
7192,6
7193,5
7194,5
7195,8
7196,4
7197,2
7198,5
7199,7
7200,7
7201,5
7202,6
7203,5
7204,3
7205,5
7206,3
7207,5
7208,2
7209,6
7210,5
7211,5
7212,4
7213,8
7214,5
7215,4
7216,6
7217,6
7218,7
7219,8
7220,5
7221,4
7222,6
7223,7
7224,3
7225,6
7226,5
7227,4
7228,6
7229,4
7230,8
7231,5
7232,5
7233,4
7234,4
7235,6
7236,8
7237,6
7238,2
7239,4
7240,10
7241,4
7242,2
7243,7
7244,3
7245,7
7246,9
7247,4
7248,4
7249,3
7250,6
7251,8
7252,6
7253,5
7254,2
7255,6
7256,5
7257,6
7258,7
7259,4
7260,7
7261,4
7262,2
7263,9
7264,5
7265,3
7266,8
7267,7
7268,6
7269,4
7270,5
7271,9
7272,3
7273,1
7274,2
7275,4
7276,7
7277,4
7278,5
7279,6
7280,6
7281,4
7282,3
7283,9
7284,3
7285,5
7286,6
7287,3
7288,8
7289,7
7290,7
7291,3
7292,5
7293,6
7294,6
7295,4
7296,5
7297,4
7298,4
7299,3
7300,3
7301,5
7302,5
7303,6
7304,6
7305,4
7306,1
7307,6
7308,2
7309,4
7310,5
7311,6
7312,7
7313,3
7314,5
7315,6
7316,4
7317,4
7318,4
7319,5
7320,7
7321,7
7322,6
7323,6
7324,5
7325,4
7326,5
7327,6
7328,3
7329,3
7330,6
7331,4
7332,3
7333,7
7334,8
7335,7
7336,7
7337,5
7338,6
7339,6
7340,3
7341,3
7342,6
7343,6
7344,8
7345,5
7346,2
7347,3
7348,3
7349,3
7350,7
7351,4
7352,7
7353,5
7354,11
7355,5
7356,4
7357,6
7358,6
7359,6
7360,6
7361,7
7362,3
7363,6
7364,13
7365,6
7366,5
7367,4
7368,4
7369,4
7370,6
7371,4
7372,7
7373,5
7374,4
7375,6
7376,5
7377,5
7378,6
7379,5
7380,2
7381,5
7382,7
7383,2
7384,2
7385,6
7386,5
7387,3
7388,6
7389,6
7390,8
7391,6
7392,4
7393,6
7394,5
7395,10
7396,6
7397,4
7398,5
7399,4
7400,6
7401,6
7402,6
7403,6
7404,3
7405,8
7406,6
7407,11
7408,4
7409,5
7410,6
7411,7
7412,6
7413,3
7414,6
7415,6
7416,8
7417,6
7418,5
7419,3
7420,5
7421,5
7422,5
7423,7
7424,6
7425,6
7426,7
7427,7
7428,5
7429,4
7430,6
7431,6
7432,3
7433,4
7434,8
7435,6
7436,5
7437,3
7438,4
7439,3
7440,2
7441,4
7442,8
7443,8
7444,5
7445,2
7446,6
7447,5
7448,3
7449,5
7450,6
7451,4
7452,5
7453,5
7454,4
7455,5
7456,4
7457,8
7458,4
7459,9
7460,5
7461,6
7462,7
7463,6
7464,4
7465,7
7466,6
7467,4
7468,8
7469,5
7470,9
7471,7
7472,7
7473,4
7474,5
7475,6
7476,4
7477,6
7478,6
7479,5
7480,10
7481,6
7482,7
7483,6
7484,6
7485,5
7486,4
7487,5
7488,7
7489,4
7490,8
7491,7
7492,9
7493,6
7494,8
7495,3
7496,7
7497,4
7498,5
7499,7
7500,5
7501,2
7502,6
7503,2
7504,4
7505,5
7506,7
7507,9
7508,3
7509,6
7510,7
7511,9
7512,2
7513,8
7514,3
7515,7
7516,7
7517,4
7518,8
7519,6
7520,4
7521,10
7522,5
7523,5
7524,6
7525,5
7526,6
7527,7
7528,7
7529,5
7530,3
7531,5
7532,7
7533,7
7534,5
7535,4
7536,7
7537,6
7538,4
7539,5
7540,6
7541,4
7542,3
7543,5
7544,5
7545,9
7546,7
7547,4
7548,14
7549,1
7550,6
7551,5
7552,6
7553,7
7554,6
7555,9
7556,5
7557,4
7558,9
7559,9
7560,7
7561,6
7562,7
7563,5
7564,7
7565,8
7566,7
7567,6
7568,6
7569,6
7570,6
7571,6
7572,7
7573,6
7574,6
7575,8
7576,11
7577,5
7578,7
7579,7
7580,4
7581,3
7582,6
7583,5
7584,3
7585,8
7586,7
7587,4
7588,11
7589,4
7590,7
7591,3
7592,6
7593,6
7594,3
7595,3
7596,6
7597,4
7598,6
7599,4
7600,5
7601,6
7602,3
7603,6
7604,5
7605,6
7606,3
7607,7
7608,6
7609,8
7610,7
7611,4
7612,7
7613,5
7614,5
7615,6
7616,8
7617,7
7618,2
7619,6
7620,5
7621,5
7622,4
7623,8
7624,9
7625,8
7626,5
7627,3
7628,9
7629,7
7630,9
7631,6
7632,10
7633,6
7634,3
7635,6
7636,5
7637,3
7638,7
7639,5
7640,7
7641,7
7642,6
7643,7
7644,6
7645,4
7646,8
7647,5
7648,4
7649,6
7650,4
7651,8
7652,6
7653,8
7654,7
7655,6
7656,10
7657,6
7658,6
7659,5
7660,4
7661,6
7662,6
7663,7
7664,10
7665,4
7666,4
7667,7
7668,4
7669,9
7670,6
7671,7
7672,3
7673,6
7674,5
7675,5
7676,4
7677,9
7678,2
7679,4
7680,7
7681,6
7682,5
7683,7
7684,6
7685,5
7686,4
7687,4
7688,8
7689,5
7690,4
7691,3
7692,7
7693,5
7694,5
7695,5
7696,6
7697,6
7698,8
7699,5
7700,5
7701,7
7702,7
7703,7
7704,7
7705,5
7706,8
7707,3
7708,6
7709,5
7710,4
7711,7
7712,4
7713,9
7714,4
7715,5
7716,8
7717,5
7718,7
7719,7
7720,6
7721,6
7722,4
7723,6
7724,9
7725,8
7726,7
7727,9
7728,4
7729,7
7730,6
7731,5
7732,7
7733,7
7734,4
7735,5
7736,5
7737,5
7738,4
7739,6
7740,7
7741,5
7742,9
7743,7
7744,6
7745,6
7746,2
7747,5
7748,5
7749,4
7750,4
7751,6
7752,6
7753,10
7754,7
7755,4
7756,3
7757,5
7758,6
7759,5
7760,7
7761,6
7762,7
7763,5
7764,7
7765,7
7766,6
7767,6
7768,10
7769,8
7770,6
7771,5
7772,7
7773,5
7774,8
7775,4
7776,9
7777,5
7778,7
7779,6
7780,5
7781,5
7782,5
7783,7
7784,4
7785,6
7786,9
7787,4
7788,8
7789,7
7790,6
7791,7
7792,7
7793,7
7794,4
7795,7
7796,5
7797,9
7798,5
7799,6
7800,8
7801,4
7802,7
7803,5
7804,4
7805,0
7806,5
7807,7
7808,5
7809,5
7810,7
7811,9
7812,8
7813,6
7814,3
7815,8
7816,8
7817,4
7818,7
7819,4
7820,7
7821,7
7822,4
7823,5
7824,5
7825,4
7826,6
7827,4
7828,4
7829,2
7830,3
7831,6
7832,5
7833,4
7834,4
7835,5
7836,8
7837,8
7838,8
7839,5
7840,7
7841,4
7842,8
7843,8
7844,10
7845,9
7846,6
7847,7
7848,6
7849,5
7850,7
7851,4
7852,6
7853,4
7854,6
7855,6
7856,6
7857,6
7858,9
7859,7
7860,7
7861,6
7862,6
7863,5
7864,3
7865,6
7866,6
7867,6
7868,5
7869,3
7870,6
7871,6
7872,7
7873,3
7874,7
7875,5
7876,6
7877,7
7878,6
7879,3
7880,7
7881,6
7882,6
7883,8
7884,5
7885,6
7886,5
7887,8
7888,8
7889,5
7890,7
7891,6
7892,5
7893,5
7894,6
7895,5
7896,9
7897,6
7898,8
7899,5
7900,10
7901,4
7902,7
7903,9
7904,5
7905,4
7906,5
7907,5
7908,5
7909,3
7910,11
7911,7
7912,9
7913,2
7914,6
7915,3
7916,5
7917,7
7918,5
7919,8
7920,7
7921,8
7922,8
7923,8
7924,8
7925,4
7926,7
7927,8
7928,5
7929,6
7930,5
7931,4
7932,10
7933,1
7934,7
7935,6
7936,7
7937,7
7938,5
7939,6
7940,5
7941,2
7942,7
7943,5
7944,4
7945,5
7946,4
7947,7
7948,4
7949,5
7950,7
7951,5
7952,8
7953,5
7954,8
7955,9
7956,5
7957,6
7958,5
7959,5
7960,4
7961,7
7962,7
7963,7
7964,8
7965,8
7966,6
7967,5
7968,7
7969,5
7970,8
7971,4
7972,7
7973,8
7974,6
7975,5
7976,7
7977,9
7978,7
7979,5
7980,1
7981,6
7982,5
7983,10
7984,10
7985,3
7986,4
7987,8
7988,8
7989,5
7990,7
7991,8
7992,5
7993,7
7994,7
7995,10
7996,9
7997,7
7998,6
7999,5
8000,9
8001,6
8002,5
8003,7
8004,7
8005,4
8006,11
8007,8
8008,5
8009,6
8010,11
8011,7
8012,7
8013,9
8014,8
8015,7
8016,6
8017,8
8018,5
8019,10
8020,6
8021,6
8022,6
8023,7
8024,7
8025,6
8026,7
8027,8
8028,5
8029,7
8030,6
8031,8
8032,8
8033,9
8034,10
8035,8
8036,6
8037,6
8038,7
8039,7
8040,4
8041,3
8042,9
8043,5
8044,7
8045,7
8046,6
8047,6
8048,6
8049,7
8050,8
8051,5
8052,7
8053,5
8054,7
8055,7
8056,5
8057,4
8058,2
8059,7
8060,6
8061,7
8062,5
8063,7
8064,9
8065,7
8066,4
8067,5
8068,9
8069,9
8070,6
8071,7
8072,7
8073,5
8074,8
8075,8
8076,5
8077,2
8078,5
8079,8
8080,3
8081,5
8082,7
8083,5
8084,8
8085,8
8086,2
8087,7
8088,6
8089,6
8090,3
8091,8
8092,7
8093,3
8094,5
8095,7
8096,4
8097,9
8098,6
8099,7
8100,6
8101,9
8102,4
8103,7
8104,7
8105,5
8106,6
8107,8
8108,4
8109,7
8110,7
8111,5
8112,7
8113,3
8114,7
8115,9
8116,9
8117,5
8118,9
8119,9
8120,5
8121,6
8122,5
8123,8
8124,8
8125,4
8126,6
8127,7
8128,7
8129,9
8130,5
8131,4
8132,8
8133,9
8134,6
8135,6
8136,6
8137,9
8138,9
8139,5
8140,7
8141,9
8142,6
8143,7
8144,5
8145,9
8146,6
8147,4
8148,10
8149,3
8150,8
8151,5
8152,9
8153,7
8154,8
8155,7
8156,6
8157,11
8158,7
8159,10
8160,8
8161,6
8162,8
8163,8
8164,7
8165,7
8166,6
8167,5
8168,4
8169,6
8170,5
8171,5
8172,4
8173,7
8174,7
8175,6
8176,4
8177,7
8178,3
8179,6
8180,5
8181,6
8182,8
8183,6
8184,11
8185,4
8186,4
8187,6
8188,6
8189,6
8190,6
8191,5
8192,9
8193,8
8194,6
8195,6
8196,6
8197,15
8198,7
8199,5
8200,7
8201,8
8202,3
8203,3
8204,7
8205,2
8206,6
8207,7
8208,5
8209,4
8210,7
8211,7
8212,7
8213,9
8214,7
8215,7
8216,15
8217,10
8218,4
8219,5
8220,7
8221,6
8222,6
8223,3
8224,6
8225,7
8226,9
8227,7
8228,8
8229,8
8230,6
8231,7
8232,6
8233,8
8234,4
8235,4
8236,6
8237,7
8238,6
8239,7
8240,8
8241,5
8242,3
8243,7
8244,8
8245,5
8246,6
8247,5
8248,5
8249,8
8250,7
8251,7
8252,9
8253,6
8254,6
8255,6
8256,11
8257,6
8258,7
8259,8
8260,4
8261,10
8262,9
8263,4
8264,4
8265,8
8266,7
8267,10
8268,8
8269,6
8270,7
8271,5
8272,11
8273,7
8274,10
8275,6
8276,12
8277,4
8278,8
8279,5
8280,7
8281,5
8282,5
8283,9
8284,13
8285,4
8286,3
8287,8
8288,3
8289,8
8290,7
8291,8
8292,5
8293,4
8294,8
8295,10
8296,6
8297,8
8298,8
8299,7
8300,11
8301,12
8302,5
8303,8
8304,11
8305,5
8306,7
8307,5
8308,5
8309,15
8310,6
8311,3
8312,8
8313,11
8314,8
8315,3
8316,5
8317,8
8318,2
8319,6
8320,10
8321,8
8322,8
8323,8
8324,5
8325,9
8326,6
8327,7
8328,5
8329,9
8330,8
8331,7
8332,8
8333,6
8334,10
8335,5
8336,10
8337,11
8338,8
8339,5
8340,6
8341,7
8342,8
8343,4
8344,7
8345,6
8346,6
8347,10
8348,9
8349,7
8350,9
8351,6
8352,9
8353,5
8354,8
8355,6
8356,7
8357,7
8358,6
8359,10
8360,10
8361,4
8362,6
8363,6
8364,3
8365,5
8366,5
8367,3
8368,8
8369,5
8370,6
8371,4
8372,8
8373,14
8374,8
8375,9
8376,7
8377,5
8378,5
8379,5
8380,8
8381,3
8382,7
8383,8
8384,5
8385,8
8386,7
8387,2
8388,11
8389,6
8390,8
8391,6
8392,3
8393,7
8394,7
8395,9
8396,7
8397,8
8398,7
8399,6
8400,7
8401,5
8402,5
8403,5
8404,10
8405,8
8406,7
8407,8
8408,5
8409,5
8410,8
8411,7
8412,8
8413,10
8414,8
8415,4
8416,5
8417,8
8418,6
8419,5
8420,9
8421,5
8422,9
8423,4
8424,8
8425,8
8426,7
8427,6
8428,7
8429,7
8430,7
8431,8
8432,5
8433,6
8434,5
8435,11
8436,5
8437,6
8438,9
8439,10
8440,5
8441,3
8442,8
8443,7
8444,7
8445,2
8446,5
8447,4
8448,9
8449,5
8450,6
8451,5
8452,9
8453,4
8454,7
8455,5
8456,8
8457,10
8458,13
8459,8
8460,7
8461,4
8462,4
8463,9
8464,6
8465,6
8466,8
8467,8
8468,5
8469,5
8470,6
8471,7
8472,2
8473,6
8474,3
8475,4
8476,4
8477,4
8478,4
8479,4
8480,6
8481,6
8482,8
8483,9
8484,6
8485,6
8486,10
8487,5
8488,7
8489,8
8490,2
8491,4
8492,5
8493,8
8494,10
8495,6
8496,8
8497,7
8498,5
8499,5
8500,12
8501,5
8502,4
8503,6
8504,7
8505,9
8506,6
8507,8
8508,6
8509,7
8510,4
8511,6
8512,8
8513,4
8514,7
8515,9
8516,9
8517,4
8518,5
8519,7
8520,5
8521,8
8522,7
8523,8
8524,6
8525,9
8526,4
8527,7
8528,4
8529,7
8530,4
8531,5
8532,7
8533,11
8534,8
8535,6
8536,11
8537,10
8538,10
8539,10
8540,7
8541,13
8542,7
8543,7
8544,9
8545,6
8546,8
8547,6
8548,6
8549,7
8550,5
8551,8
8552,7
8553,6
8554,6
8555,11
8556,7
8557,6
8558,7
8559,8
8560,9
8561,8
8562,3
8563,6
8564,6
8565,8
8566,6
8567,8
8568,4
8569,7
8570,9
8571,6
8572,8
8573,6
8574,7
8575,6
8576,6
8577,6
8578,6
8579,7
8580,8
8581,5
8582,4
8583,7
8584,5
8585,7
8586,6
8587,9
8588,7
8589,10
8590,7
8591,11
8592,7
8593,6
8594,6
8595,7
8596,5
8597,8
8598,6
8599,3
8600,9
8601,6
8602,7
8603,9
8604,7
8605,12
8606,5
8607,5
8608,5
8609,7
8610,5
8611,5
8612,10
8613,10
8614,6
8615,6
8616,8
8617,11
8618,14
8619,8
8620,12
8621,7
8622,10
8623,4
8624,7
8625,5
8626,8
8627,4
8628,8
8629,9
8630,11
8631,7
8632,9
8633,7
8634,13
8635,7
8636,9
8637,7
8638,5
8639,6
8640,2
8641,6
8642,4
8643,9
8644,12
8645,5
8646,8
8647,4
8648,3
8649,6
8650,7
8651,8
8652,7
8653,2
8654,8
8655,6
8656,10
8657,12
8658,4
8659,5
8660,5
8661,7
8662,7
8663,7
8664,5
8665,5
8666,8
8667,5
8668,7
8669,10
8670,7
8671,8
8672,8
8673,5
8674,6
8675,7
8676,6
8677,7
8678,5
8679,7
8680,3
8681,6
8682,6
8683,6
8684,8
8685,7
8686,8
8687,8
8688,7
8689,4
8690,3
8691,4
8692,4
8693,6
8694,7
8695,4
8696,9
8697,7
8698,6
8699,7
8700,6
8701,5
8702,6
8703,10
8704,6
8705,6
8706,5
8707,8
8708,4
8709,7
8710,10
8711,12
8712,8
8713,7
8714,7
8715,8
8716,7
8717,9
8718,11
8719,12
8720,8
8721,8
8722,7
8723,7
8724,6
8725,6
8726,9
8727,4
8728,3
8729,7
8730,3
8731,6
8732,7
8733,6
8734,10
8735,8
8736,7
8737,7
8738,8
8739,12
8740,8
8741,7
8742,7
8743,2
8744,5
8745,5
8746,11
8747,8
8748,9
8749,9
8750,5
8751,7
8752,6
8753,4
8754,7
8755,7
8756,7
8757,8
8758,5
8759,8
8760,8
8761,4
8762,6
8763,5
8764,7
8765,9
8766,11
8767,2
8768,9
8769,6
8770,9
8771,7
8772,2
8773,9
8774,9
8775,12
8776,6
8777,5
8778,6
8779,10
8780,8
8781,7
8782,4
8783,6
8784,8
8785,8
8786,9
8787,7
8788,4
8789,8
8790,8
8791,6
8792,7
8793,9
8794,8
8795,8
8796,3
8797,9
8798,13
8799,7
8800,4
8801,8
8802,8
8803,6
8804,10
8805,12
8806,9
8807,7
8808,6
8809,5
8810,7
8811,8
8812,4
8813,6
8814,10
8815,7
8816,7
8817,7
8818,7
8819,10
8820,4
8821,7
8822,8
8823,6
8824,4
8825,9
8826,6
8827,11
8828,11
8829,9
8830,5
8831,8
8832,9
8833,7
8834,9
8835,10
8836,7
8837,5
8838,6
8839,8
8840,8
8841,7
8842,6
8843,4
8844,16
8845,7
8846,12
8847,4
8848,7
8849,8
8850,3
8851,8
8852,6
8853,8
8854,8
8855,7
8856,8
8857,9
8858,7
8859,7
8860,9
8861,9
8862,6
8863,8
8864,8
8865,9
8866,9
8867,10
8868,4
8869,9
8870,5
8871,8
8872,2
8873,5
8874,5
8875,4
8876,8
8877,9
8878,7
8879,11
8880,7
8881,7
8882,10
8883,7
8884,12
8885,9
8886,6
8887,7
8888,17
8889,7
8890,5
8891,7
8892,12
8893,6
8894,7
8895,6
8896,6
8897,5
8898,9
8899,9
8900,4
8901,10
8902,6
8903,5
8904,7
8905,9
8906,9
8907,10
8908,7
8909,5
8910,15
8911,6
8912,9
8913,7
8914,8
8915,4
8916,7
8917,11
8918,8
8919,5
8920,5
8921,7
8922,8
8923,8
8924,6
8925,9
8926,5
8927,7
8928,7
8929,10
8930,6
8931,5
8932,4
8933,3
8934,11
8935,10
8936,6
8937,10
8938,7
8939,9
8940,8
8941,6
8942,7
8943,7
8944,8
8945,5
8946,6
8947,8
8948,6
8949,6
8950,3
8951,5
8952,7
8953,7
8954,10
8955,5
8956,5
8957,10
8958,7
8959,6
8960,10
8961,12
8962,5
8963,6
8964,8
8965,7
8966,6
8967,7
8968,12
8969,8
8970,4
8971,9
8972,3
8973,9
8974,8
8975,7
8976,7
8977,7
8978,3
8979,6
8980,6
8981,5
8982,5
8983,7
8984,9
8985,5
8986,6
8987,8
8988,6
8989,11
8990,8
8991,5
8992,8
8993,9
8994,6
8995,8
8996,6
8997,10
8998,12
8999,5
9000,9
9001,9
9002,8
9003,9
9004,4
9005,3
9006,5
9007,5
9008,9
9009,12
9010,10
9011,8
9012,6
9013,8
9014,6
9015,8
9016,10
9017,5
9018,8
9019,7
9020,9
9021,7
9022,9
9023,7
9024,6
9025,7
9026,9
9027,9
9028,11
9029,9
9030,15
9031,8
9032,5
9033,10
9034,9
9035,17
9036,5
9037,8
9038,6
9039,7
9040,7
9041,5
9042,13
9043,8
9044,10
9045,7
9046,6
9047,7
9048,4
9049,10
9050,15
9051,11
9052,9
9053,8
9054,8
9055,6
9056,6
9057,6
9058,10
9059,4
9060,7
9061,6
9062,10
9063,10
9064,6
9065,8
9066,8
9067,6
9068,9
9069,7
9070,11
9071,12
9072,1
9073,6
9074,4
9075,6
9076,9
9077,5
9078,7
9079,8
9080,12
9081,2
9082,6
9083,3
9084,6
9085,8
9086,8
9087,2
9088,4
9089,5
9090,5
9091,7
9092,5
9093,7
9094,5
9095,7
9096,6
9097,8
9098,14
9099,9
9100,13
9101,2
9102,11
9103,7
9104,7
9105,1
9106,6
9107,6
9108,7
9109,10
9110,10
9111,6
9112,5
9113,5
9114,10
9115,9
9116,3
9117,8
9118,7
9119,8
9120,9
9121,7
9122,8
9123,7
9124,7
9125,8
9126,16
9127,3
9128,5
9129,6
9130,4
9131,9
9132,8
9133,5
9134,7
9135,9
9136,7
9137,5
9138,7
9139,6
9140,6
9141,7
9142,11
9143,12
9144,9
9145,9
9146,5
9147,6
9148,7
9149,7
9150,10
9151,7
9152,6
9153,8
9154,8
9155,5
9156,7
9157,6
9158,9
9159,12
9160,5
9161,7
9162,8
9163,5
9164,5
9165,8
9166,9
9167,6
9168,7
9169,4
9170,16
9171,5
9172,10
9173,5
9174,1
9175,5
9176,7
9177,7
9178,9
9179,10
9180,7
9181,8
9182,7
9183,4
9184,6
9185,7
9186,7
9187,5
9188,4
9189,13
9190,4
9191,3
9192,4
9193,7
9194,7
9195,3
9196,11
9197,6
9198,4
9199,8
9200,11
9201,8
9202,7
9203,5
9204,5
9205,10
9206,7
9207,7
9208,5
9209,5
9210,4
9211,6
9212,4
9213,7
9214,9
9215,7
9216,9
9217,7
9218,5
9219,10
9220,10
9221,9
9222,11
9223,9
9224,9
9225,9
9226,10
9227,8
9228,10
9229,8
9230,8
9231,8
9232,5
9233,4
9234,10
9235,3
9236,7
9237,5
9238,8
9239,8
9240,6
9241,8
9242,9
9243,8
9244,6
9245,6
9246,6
9247,8
9248,7
9249,7
9250,6
9251,10
9252,11
9253,8
9254,7
9255,11
9256,8
9257,6
9258,8
9259,9
9260,6
9261,4
9262,7
9263,8
9264,5
9265,12
9266,5
9267,10
9268,7
9269,4
9270,3
9271,9
9272,8
9273,6
9274,7
9275,8
9276,5
9277,6
9278,12
9279,6
9280,6
9281,5
9282,7
9283,5
9284,4
9285,9
9286,6
9287,4
9288,7
9289,11
9290,6
9291,6
9292,8
9293,6
9294,7
9295,6
9296,5
9297,7
9298,8
9299,6
9300,7
9301,16
9302,9
9303,5
9304,3
9305,6
9306,6
9307,5
9308,8
9309,8
9310,10
9311,11
9312,7
9313,6
9314,6
9315,3
9316,9
9317,4
9318,7
9319,9
9320,6
9321,7
9322,9
9323,6
9324,4
9325,7
9326,7
9327,4
9328,6
9329,6
9330,11
9331,8
9332,9
9333,13
9334,14
9335,12
9336,4
9337,7
9338,9
9339,9
9340,9
9341,11
9342,10
9343,8
9344,8
9345,7
9346,11
9347,6
9348,3
9349,9
9350,9
9351,9
9352,10
9353,5
9354,8
9355,9
9356,4
9357,7
9358,9
9359,13
9360,8
9361,7
9362,7
9363,6
9364,6
9365,19
9366,5
9367,8
9368,5
9369,9
9370,6
9371,8
9372,10
9373,12
9374,7
9375,9
9376,8
9377,7
9378,7
9379,6
9380,6
9381,7
9382,6
9383,8
9384,7
9385,10
9386,6
9387,7
9388,5
9389,9
9390,8
9391,11
9392,6
9393,6
9394,6
9395,17
9396,10
9397,8
9398,8
9399,10
9400,6
9401,8
9402,10
9403,6
9404,6
9405,11
9406,7
9407,10
9408,11
9409,6
9410,7
9411,7
9412,6
9413,7
9414,8
9415,8
9416,9
9417,11
9418,5
9419,11
9420,7
9421,8
9422,6
9423,8
9424,7
9425,5
9426,12
9427,10
9428,15
9429,13
9430,16
9431,12
9432,13
9433,7
9434,9
9435,5
9436,7
9437,6
9438,4
9439,4
9440,12
9441,4
9442,6
9443,8
9444,3
9445,8
9446,4
9447,5
9448,6
9449,9
9450,11
9451,7
9452,11
9453,6
9454,5
9455,7
9456,8
9457,7
9458,8
9459,9
9460,8
9461,8
9462,12
9463,7
9464,5
9465,11
9466,9
9467,4
9468,7
9469,8
9470,5
9471,8
9472,9
9473,7
9474,9
9475,10
9476,7
9477,6
9478,13
9479,12
9480,9
9481,9
9482,7
9483,13
9484,6
9485,6
9486,5
9487,3
9488,6
9489,10
9490,5
9491,9
9492,15
9493,6
9494,7
9495,10
9496,4
9497,9
9498,6
9499,6
9500,7
9501,11
9502,9
9503,8
9504,12
9505,8
9506,6
9507,14
9508,5
9509,9
9510,8
9511,7
9512,7
9513,8
9514,8
9515,11
9516,7
9517,9
9518,8
9519,8
9520,6
9521,6
9522,7
9523,3
9524,14
9525,10
9526,9
9527,11
9528,6
9529,11
9530,6
9531,8
9532,9
9533,5
9534,6
9535,6
9536,8
9537,11
9538,12
9539,7
9540,7
9541,6
9542,8
9543,8
9544,9
9545,4
9546,10
9547,10
9548,10
9549,6
9550,9
9551,6
9552,7
9553,8
9554,10
9555,9
9556,12
9557,10
9558,9
9559,10
9560,6
9561,9
9562,6
9563,11
9564,8
9565,11
9566,14
9567,3
9568,10
9569,7
9570,10
9571,10
9572,6
9573,9
9574,10
9575,10
9576,7
9577,8
9578,5
9579,14
9580,7
9581,8
9582,9
9583,9
9584,9
9585,8
9586,9
9587,9
9588,11
9589,11
9590,11
9591,9
9592,7
9593,7
9594,13
9595,11
9596,8
9597,9
9598,11
9599,14
9600,5
9601,7
9602,8
9603,8
9604,6
9605,10
9606,9
9607,6
9608,13
9609,11
9610,10
9611,6
9612,4
9613,14
9614,9
9615,17
9616,10
9617,9
9618,9
9619,9
9620,10
9621,4
9622,8
9623,9
9624,9
9625,8
9626,10
9627,13
9628,12
9629,8
9630,11
9631,9
9632,6
9633,11
9634,8
9635,10
9636,7
9637,6
9638,6
9639,11
9640,6
9641,4
9642,5
9643,9
9644,4
9645,5
9646,10
9647,12
9648,11
9649,8
9650,11
9651,11
9652,5
9653,6
9654,9
9655,5
9656,5
9657,6
9658,12
9659,5
9660,12
9661,10
9662,9
9663,7
9664,6
9665,7
9666,10
9667,4
9668,12
9669,8
9670,10
9671,8
9672,8
9673,9
9674,5
9675,7
9676,9
9677,8
9678,6
9679,9
9680,14
9681,7
9682,8
9683,13
9684,10
9685,8
9686,7
9687,13
9688,10
9689,7
9690,14
9691,10
9692,11
9693,7
9694,11
9695,10
9696,6
9697,4
9698,8
9699,10
9700,9
9701,7
9702,4
9703,9
9704,11
9705,9
9706,12
9707,11
9708,8
9709,10
9710,4
9711,14
9712,9
9713,7
9714,10
9715,9
9716,7
9717,5
9718,5
9719,10
9720,3
9721,8
9722,6
9723,11
9724,6
9725,8
9726,10
9727,6
9728,7
9729,10
9730,10
9731,8
9732,9
9733,7
9734,7
9735,9
9736,9
9737,12
9738,8
9739,12
9740,6
9741,8
9742,10
9743,7
9744,4
9745,6
9746,3
9747,7
9748,10
9749,5
9750,5
9751,10
9752,9
9753,7
9754,9
9755,7
9756,10
9757,3
9758,6
9759,8
9760,11
9761,6
9762,10
9763,9
9764,5
9765,4
9766,8
9767,6
9768,5
9769,6
9770,5
9771,6
9772,7
9773,8
9774,10
9775,7
9776,6
9777,8
9778,6
9779,7
9780,10
9781,11
9782,8
9783,9
9784,2
9785,5
9786,9
9787,7
9788,7
9789,8
9790,7
9791,7
9792,6
9793,3
9794,5
9795,14
9796,11
9797,6
9798,7
9799,9
9800,2
9801,7
9802,3
9803,4
9804,8
9805,11
9806,8
9807,7
9808,7
9809,13
9810,8
9811,11
9812,11
9813,6
9814,7
9815,6
9816,21
9817,6
9818,6
9819,12
9820,9
9821,11
9822,8
9823,11
9824,8
9825,8
9826,4
9827,9
9828,8
9829,7
9830,9
9831,13
9832,5
9833,13
9834,6
9835,10
9836,7
9837,7
9838,8
9839,8
9840,9
9841,11
9842,12
9843,12
9844,12
9845,4
9846,9
9847,8
9848,11
9849,6
9850,8
9851,12
9852,8
9853,9
9854,9
9855,8
9856,10
9857,9
9858,3
9859,7
9860,9
9861,6
9862,7
9863,12
9864,12
9865,8
9866,9
9867,8
9868,8
9869,11
9870,4
9871,13
9872,8
9873,10
9874,9
9875,14
9876,10
9877,9
9878,8
9879,6
9880,7
9881,10
9882,7
9883,8
9884,11
9885,10
9886,9
9887,10
9888,8
9889,5
9890,7
9891,11
9892,10
9893,6
9894,7
9895,7
9896,9
9897,10
9898,6
9899,8
9900,7
9901,11
9902,5
9903,8
9904,7
9905,7
9906,8
9907,9
9908,8
9909,6
9910,7
9911,5
9912,10
9913,9
9914,12
9915,4
9916,8
9917,8
9918,8
9919,12
9920,5
9921,10
9922,9
9923,10
9924,9
9925,5
9926,6
9927,9
9928,12
9929,9
9930,9
9931,10
9932,6
9933,10
9934,9
9935,8
9936,11
9937,10
9938,5
9939,8
9940,7
9941,8
9942,5
9943,8
9944,4
9945,7
9946,6
9947,9
9948,8
9949,14
9950,11
9951,12
9952,7
9953,6
9954,9
9955,5
9956,10
9957,10
9958,11
9959,7
9960,5
9961,7
9962,12
9963,14
9964,12
9965,12
9966,7
9967,9
9968,6
9969,21
9970,9
9971,6
9972,4
9973,8
9974,5
9975,13
9976,8
9977,6
9978,6
9979,6
9980,9
9981,7
9982,4
9983,9
9984,7
9985,13
9986,13
9987,9
9988,6
9989,12
9990,9
9991,9
9992,6
9993,6
9994,14
9995,7
9996,7
9997,8
9998,9
9999,10
10000,8
10001,17
10002,11
10003,12
10004,7
10005,8
10006,8
10007,10
10008,11
10009,8
10010,7
10011,6
10012,14
10013,12
10014,6
10015,9
10016,11
10017,14
10018,6
10019,1
10020,6
10021,5
10022,14
10023,7
10024,5
10025,12
10026,7
10027,9
10028,8
10029,11
10030,7
10031,8
10032,9
10033,7
10034,8
10035,9
10036,12
10037,8
10038,11
10039,12
10040,5
10041,8
