1,3
2,1
3,3
4,2
5,0
6,4
7,1
8,1
9,3
10,5
11,0
12,4
13,2
14,1
15,1
16,2
17,1
18,2
19,0
20,2
21,3
22,0
23,4
24,1
25,0
26,0
27,0
28,2
29,1
30,2
31,3
32,3
33,0
34,0
35,1
36,0
37,2
38,2
39,1
40,0
41,3
42,3
43,1
44,5
45,0
46,0
47,1
48,2
49,1
50,0
51,1
52,2
53,1
54,6
55,1
56,1
57,2
58,0
59,2
60,1
61,1
62,2
63,1
64,0
65,1
66,4
67,1
68,2
69,2
70,0
71,1
72,3
73,2
74,3
75,1
76,2
77,1
78,1
79,2
80,2
81,3
82,2
83,2
84,1
85,2
86,2
87,1
88,0
89,0
90,0
91,0
92,0
93,2
94,3
95,0
96,2
97,0
98,1
99,1
100,0
101,1
102,1
103,1
104,1
105,1
106,1
107,1
108,0
109,1
110,3
111,0
112,0
113,4
114,0
115,1
116,3
117,0
118,3
119,0
120,2
121,1
122,1
123,0
124,1
125,0
126,0
127,1
128,1
129,2
130,4
131,1
132,3
133,1
134,1
135,0
136,3
137,1
138,2
139,0
140,0
141,2
142,3
143,1
144,0
145,2
146,2
147,1
148,0
149,2
150,2
151,4
152,1
153,0
154,1
155,0
156,2
157,1
158,2
159,1
160,0
161,2
162,4
163,0
164,1
165,1
166,0
167,1
168,3
169,0
170,1
171,2
172,0
173,2
174,1
175,1
176,3
177,0
178,3
179,3
180,0
181,0
182,0
183,2
184,0
185,1
186,1
187,0
188,1
189,0
190,3
191,0
192,0
193,2
194,2
195,0
196,3
197,0
198,1
199,0
200,1
201,1
202,3
203,1
204,2
205,1
206,2
207,0
208,2
209,1
210,0
211,2
212,4
213,2
214,4
215,1
216,3
217,0
218,1
219,2
220,1
221,0
222,1
223,1
224,1
225,1
226,0
227,0
228,4
229,0
230,2
231,2
232,1
233,0
234,0
235,2
236,0
237,4
238,3
239,1
240,4
241,3
242,2
243,2
244,3
245,1
246,2
247,0
248,1
249,2
250,4
251,4
252,2
253,2
254,3
255,1
256,0
257,0
258,0
259,0
260,0
261,0
262,0
263,6
264,2
265,0
266,2
267,1
268,0
269,1
270,2
271,0
272,4
273,0
274,0
275,0
276,0
277,1
278,4
279,2
280,0
281,2
282,0
283,0
284,0
285,0
286,1
287,2
288,1
289,3
290,4
291,2
292,1
293,1
294,1
295,1
296,1
297,1
298,3
299,0
300,3
301,5
302,1
303,1
304,1
305,1
306,1
307,5
308,1
309,1
310,2
311,0
312,0
313,1
314,0
315,2
316,1
317,0
318,2
319,0
320,3
321,0
322,2
323,4
324,0
325,2
326,2
327,2
328,3
329,1
330,1
331,3
332,2
333,2
334,2
335,3
336,2
337,3
338,1
339,0
340,0
341,2
342,3
343,1
344,2
345,2
346,0
347,3
348,0
349,3
350,1
351,2
352,2
353,4
354,0
355,2
356,0
357,5
358,0
359,3
360,1
361,1
362,1
363,3
364,0
365,2
366,2
367,2
368,2
369,2
370,3
371,1
372,2
373,1
374,3
375,0
376,0
377,3
378,2
379,1
380,2
381,1
382,2
383,0
384,2
385,2
386,0
387,1
388,1
389,0
390,3
391,4
392,3
393,1
394,1
395,5
396,2
397,1
398,1
399,3
400,1
401,2
402,1
403,1
404,2
405,2
406,0
407,0
408,2
409,4
410,1
411,2
412,0
413,2
414,6
415,1
416,2
417,0
418,2
419,2
420,1
421,0
422,2
423,4
424,1
425,2
426,1
427,2
428,0
429,3
430,3
431,2
432,4
433,1
434,1
435,1
436,3
437,4
438,5
439,1
440,3
441,4
442,4
443,1
444,1
445,2
446,0
447,0
448,0
449,1
450,4
451,2
452,1
453,3
454,3
455,0
456,1
457,1
458,5
459,1
460,0
461,3
462,3
463,0
464,1
465,1
466,1
467,2
468,1
469,2
470,3
471,1
472,1
473,0
474,0
475,1
476,0
477,3
478,2
479,4
480,1
481,2
482,1
483,2
484,6
485,2
486,2
487,2
488,1
489,1
490,4
491,2
492,2
493,4
494,1
495,0
496,3
497,4
498,1
499,1
500,4
501,1
502,2
503,2
504,1
505,0
506,1
507,3
508,3
509,1
510,2
511,2
512,1
513,2
514,2
515,2
516,1
517,11
518,3
519,3
520,1
521,2
522,0
523,2
524,1
525,2
526,1
527,4
528,0
529,2
530,4
531,4
532,1
533,2
534,0
535,1
536,2
537,1
538,3
539,0
540,2
541,3
542,3
543,2
544,3
545,3
546,3
547,1
548,3
549,3
550,1
551,0
552,1
553,2
554,5
555,2
556,2
557,0
558,1
559,2
560,1
561,3
562,2
563,2
564,1
565,2
566,3
567,0
568,2
569,4
570,1
571,1
572,1
573,2
574,2
575,2
576,4
577,2
578,2
579,1
580,4
581,2
582,3
583,1
584,4
585,0
586,1
587,3
588,4
589,5
590,0
591,2
592,2
593,3
594,6
595,0
596,2
597,1
598,4
599,3
600,3
601,2
602,2
603,3
604,2
605,2
606,2
607,2
608,2
609,3
610,6
611,1
612,1
613,9
614,0
615,5
616,1
617,4
618,2
619,3
620,0
621,1
622,0
623,2
624,1
625,1
626,3
627,3
628,0
629,2
630,2
631,2
632,3
633,2
634,4
635,2
636,4
637,3
638,5
639,1
640,4
641,2
642,2
643,3
644,2
645,1
646,0
647,1
648,4
649,5
650,2
651,5
652,2
653,1
654,1
655,2
656,2
657,3
658,6
659,0
660,1
661,7
662,2
663,1
664,2
665,2
666,2
667,4
668,1
669,0
670,5
671,6
672,1
673,5
674,1
675,1
676,4
677,1
678,5
679,3
680,4
681,2
682,1
683,3
684,3
685,1
686,5
687,4
688,2
689,5
690,1
691,4
692,3
693,4
694,4
695,1
696,1
697,2
698,4
699,2
700,1
701,4
702,2
703,3
704,4
705,2
706,3
707,3
708,4
709,1
710,1
711,1
712,2
713,2
714,2
715,3
716,2
717,3
718,3
719,3
720,2
721,5
722,0
723,3
724,4
725,7
726,1
727,2
728,4
729,3
730,0
731,2
732,4
733,3
734,4
735,2
736,2
737,3
738,4
739,2
740,3
741,4
742,3
743,4
744,3
745,4
746,3
747,3
748,2
749,2
750,3
751,5
752,3
753,5
754,6
755,4
756,4
757,3
758,5
759,4
760,1
761,3
762,1
763,3
764,3
765,4
766,1
767,1
768,3
769,3
770,1
771,4
772,5
773,4
774,3
775,4
776,2
777,1
778,6
779,6
780,3
781,2
782,2
783,1
784,2
785,3
786,4
787,3
788,2
789,9
790,3
791,3
792,3
793,3
794,4
795,4
796,2
797,5
798,2
799,5
800,5
801,3
802,6
803,6
804,1
805,5
806,5
807,3
808,4
809,5
810,5
811,6
812,1
813,5
814,5
815,6
816,3
817,3
818,3
819,9
820,2
821,5
822,7
823,4
824,8
825,3
826,4
827,4
828,4
829,4
830,3
831,1
832,3
833,6
834,3
835,8
836,3
837,3
838,2
839,1
840,3
841,8
842,6
843,6
844,3
845,4
846,5
847,2
848,7
849,1
850,3
851,2
852,4
853,7
854,6
855,5
856,5
857,5
858,8
859,8
860,1
861,8
862,2
863,4
864,3
865,2
866,6
867,3
868,9
869,4
870,2
871,3
872,5
873,2
874,3
875,3
876,2
877,4
878,4
879,4
880,6
881,5
882,6
883,4
884,4
885,4
886,7
887,4
888,4
889,6
890,6
891,7
892,3
893,6
894,9
895,2
896,2
897,4
898,4
899,2
900,7
901,6
902,3
903,7
904,7
905,6
906,5
907,4
908,8
909,5
910,4
911,4
912,10
913,5
914,7
915,6
916,5
917,4
918,4
919,9
920,4
921,6
922,7
923,6
924,6
925,7
926,6
927,9
928,5
929,1
930,4
931,8
932,6
933,11
934,4
935,9
936,7
937,5
938,4
939,9
940,5
941,4
942,9
943,5
944,4
945,6
946,3
947,6
948,5
949,4
950,2
951,4
952,2
953,6
954,4
955,0
956,6
957,5
958,7
959,3
960,5
961,4
962,5
963,8
964,4
965,3
966,6
967,6
968,5
969,8
970,5
971,4
972,3
973,14
974,4
975,7
976,6
977,6
978,4
979,6
980,5
981,8
982,7
983,5
984,7
985,7
986,4
987,4
988,5
989,8
990,8
991,8
992,5
993,10
994,5
995,11
996,7
997,5
998,8
999,5
1000,5
1001,13
1002,3
1003,5
1004,3
1005,8
1006,7
1007,7
1008,5
1009,8
1010,6
1011,6
1012,5
1013,6
1014,9
1015,7
1016,5
1017,7
1018,9
1019,4
1020,8
1021,8
1022,2
1023,8
1024,5
1025,8
1026,5
1027,9
1028,4
1029,10
1030,6
1031,9
1032,11
1033,5
1034,12
1035,11
1036,6
1037,9
1038,11
1039,9
1040,6
1041,6
1042,7
1043,7
1044,11
1045,10
1046,8
1047,6
1048,7
1049,9
1050,5
1051,6
1052,4
1053,7
1054,6
1055,6
1056,6
1057,5
1058,7
1059,7
1060,8
1061,9
1062,10
1063,6
1064,7
1065,7
1066,7
1067,6
1068,9
1069,5
1070,6
1071,2
1072,3
1073,8
1074,2
1075,10
1076,6
1077,6
1078,10
1079,7
1080,4
1081,7
1082,6
1083,8
1084,7
1085,6
1086,4
1087,6
1088,10
1089,5
1090,8
1091,6
1092,10
1093,7
1094,6
1095,8
1096,7
1097,8
1098,8
1099,11
1100,7
1101,4
1102,13
1103,8
1104,5
1105,11
1106,6
1107,8
1108,8
1109,4
1110,7
1111,7
1112,12
1113,5
1114,9
1115,9
1116,4
1117,11
1118,9
1119,8
1120,7
1121,12
1122,10
1123,7
1124,8
1125,9
1126,7
1127,10
1128,4
1129,10
1130,8
1131,12
1132,7
1133,9
1134,2
1135,9
1136,3
1137,5
1138,8
1139,10
1140,7
1141,10
1142,8
1143,10
1144,9
1145,5
1146,9
1147,2
1148,9
1149,4
1150,7
1151,5
1152,8
1153,4
1154,8
1155,11
1156,9
1157,10
1158,9
1159,5
1160,3
1161,6
1162,5
1163,5
1164,6
1165,8
1166,9
1167,8
1168,6
1169,6
1170,9
1171,8
1172,13
1173,8
1174,10
1175,8
1176,8
1177,4
1178,7
1179,10
1180,5
1181,8
1182,6
1183,9
1184,10
1185,8
1186,9
1187,9
1188,10
1189,11
1190,8
1191,7
1192,8
1193,10
1194,8
1195,9
1196,11
1197,4
1198,8
1199,12
1200,10
1201,14
1202,14
1203,8
1204,10
1205,9
1206,13
1207,8
1208,8
1209,9
1210,11
1211,12
1212,8
1213,9
1214,10
1215,9
1216,7
1217,7
1218,11
1219,7
1220,10
1221,11
1222,10
1223,9
1224,7
1225,7
1226,11
1227,10
1228,13
1229,9
1230,12
1231,8
1232,6
1233,6
1234,11
1235,12
1236,16
1237,10
1238,7
1239,6
1240,7
1241,10
1242,9
1243,9
1244,9
1245,6
1246,6
1247,10
1248,6
1249,8
1250,10
1251,8
1252,6
1253,13
1254,12
1255,13
1256,15
1257,14
1258,7
1259,8
1260,7
1261,6
1262,10
1263,13
1264,8
1265,13
1266,6
1267,11
1268,13
1269,10
1270,15
1271,9
1272,9
1273,10
1274,12
1275,16
1276,16
1277,8
1278,8
1279,11
1280,10
1281,12
1282,12
1283,9
1284,8
1285,7
1286,9
1287,8
1288,12
1289,10
1290,17
1291,10
1292,13
1293,8
1294,8
1295,8
1296,13
1297,10
1298,13
1299,12
1300,17
1301,11
1302,10
1303,5
1304,11
1305,8
1306,4
1307,13
1308,7
1309,7
1310,4
1311,13
1312,12
1313,9
1314,7
1315,13
1316,6
1317,9
1318,10
1319,12
1320,7
1321,6
1322,8
1323,2
1324,13
1325,14
1326,16
1327,11
1328,7
1329,3
1330,10
1331,9
1332,10
1333,9
1334,11
1335,9
1336,14
1337,6
1338,8
1339,7
1340,6
1341,8
1342,6
1343,20
1344,10
1345,14
1346,15
1347,14
1348,4
1349,9
1350,11
1351,13
1352,7
1353,10
1354,7
1355,9
1356,9
1357,7
1358,13
1359,7
1360,7
1361,14
1362,6
1363,8
1364,9
1365,7
1366,18
1367,9
1368,8
1369,10
1370,12
1371,9
1372,12
1373,10
1374,4
1375,8
1376,12
1377,13
1378,9
1379,7
1380,15
1381,13
1382,8
1383,9
1384,12
1385,9
1386,7
1387,10
1388,10
1389,13
1390,9
1391,7
1392,11
1393,11
1394,7
1395,5
1396,6
1397,16
1398,3
1399,6
1400,8
1401,7
1402,8
1403,8
1404,2
1405,13
1406,8
1407,7
1408,5
1409,8
1410,11
1411,15
1412,7
1413,12
1414,4
1415,16
1416,9
1417,9
1418,9
1419,9
1420,7
1421,7
1422,11
1423,12
1424,10
1425,7
1426,11
1427,12
1428,9
1429,15
1430,10
1431,6
1432,7
1433,7
1434,4
1435,4
1436,10
1437,8
1438,7
1439,13
1440,16
1441,12
1442,7
1443,8
1444,13
1445,7
1446,12
1447,8
1448,4
1449,16
1450,5
1451,10
1452,9
1453,7
1454,6
1455,9
1456,6
1457,12
1458,2
1459,6
1460,13
1461,5
1462,11
1463,3
1464,5
1465,10
1466,5
1467,6
1468,8
1469,7
1470,10
1471,8
1472,9
1473,10
1474,14
1475,13
1476,8
1477,7
1478,7
1479,14
1480,8
1481,11
1482,14
1483,7
1484,10
1485,6
1486,12
1487,5
1488,8
1489,16
1490,11
1491,10
1492,8
1493,8
1494,14
1495,10
1496,9
1497,10
1498,10
1499,9
1500,8
1501,10
1502,6
1503,8
1504,7
1505,18
1506,8
1507,15
1508,12
1509,11
1510,5
1511,11
1512,10
1513,13
1514,11
1515,11
1516,12
1517,13
1518,10
1519,9
1520,10
1521,12
1522,10
1523,16
1524,11
1525,7
1526,4
1527,11
1528,10
1529,13
1530,10
1531,7
1532,10
1533,6
1534,6
1535,9
1536,8
1537,7
1538,9
1539,12
1540,6
1541,5
1542,8
1543,10
1544,4
1545,8
1546,7
1547,11
1548,19
1549,12
1550,8
1551,11
1552,6
1553,12
1554,7
1555,10
1556,8
1557,4
1558,15
1559,7
1560,3
1561,9
1562,9
1563,10
1564,9
1565,13
1566,16
1567,12
1568,12
1569,11
1570,15
1571,13
1572,6
1573,9
1574,10
1575,9
1576,11
1577,7
1578,7
1579,15
1580,5
1581,14
1582,9
1583,7
1584,9
1585,10
1586,10
1587,13
1588,8
1589,8
1590,9
1591,11
1592,13
1593,9
1594,8
1595,10
1596,13
1597,13
1598,12
1599,6
1600,5
1601,7
1602,13
1603,7
1604,8
1605,9
1606,9
1607,9
1608,5
1609,4
1610,6
1611,7
1612,7
1613,10
1614,10
1615,8
1616,9
1617,13
1618,6
1619,13
1620,14
1621,12
1622,8
1623,10
1624,8
1625,13
1626,11
1627,10
1628,6
1629,11
1630,12
1631,8
1632,10
1633,11
1634,12
1635,14
1636,8
1637,9
1638,16
1639,5
1640,10
1641,10
1642,10
1643,7
1644,13
1645,10
1646,9
1647,7
1648,11
1649,7
1650,9
1651,8
1652,3
1653,5
1654,9
1655,11
1656,5
1657,12
1658,11
1659,9
1660,11
1661,7
1662,11
1663,10
1664,7
1665,7
1666,15
1667,11
1668,9
1669,15
1670,8
1671,12
1672,4
1673,9
1674,8
1675,6
1676,9
1677,9
1678,4
1679,11
1680,7
1681,8
1682,10
1683,12
1684,11
1685,8
1686,7
1687,6
1688,11
1689,11
1690,14
1691,6
1692,20
1693,10
1694,9
1695,7
1696,7
1697,12
1698,8
1699,9
1700,11
1701,9
1702,9
1703,12
1704,7
1705,9
1706,11
1707,9
1708,11
1709,7
1710,9
1711,13
1712,5
1713,7
1714,7
1715,7
1716,9
1717,9
1718,7
1719,8
1720,11
1721,12
1722,15
1723,16
1724,13
1725,6
1726,10
1727,9
1728,6
1729,9
1730,5
1731,5
1732,11
1733,5
1734,9
1735,8
1736,12
1737,9
1738,9
1739,11
1740,9
1741,9
1742,9
1743,9
1744,9
1745,7
1746,14
1747,9
1748,5
1749,7
1750,13
1751,10
1752,12
1753,15
1754,4
1755,14
1756,14
1757,5
1758,7
1759,6
1760,8
1761,13
1762,11
1763,7
1764,8
1765,10
1766,7
1767,4
1768,9
1769,10
1770,7
1771,11
1772,6
1773,9
1774,6
1775,9
1776,12
1777,9
1778,9
1779,7
1780,14
1781,7
1782,9
1783,9
1784,12
1785,11
1786,10
1787,15
1788,11
1789,13
1790,11
1791,9
1792,8
1793,9
1794,18
1795,18
1796,3
1797,9
1798,12
1799,9
1800,11
1801,12
1802,10
1803,7
1804,16
1805,16
1806,7
1807,7
1808,12
1809,10
1810,5
1811,9
1812,13
1813,12
1814,9
1815,15
1816,9
1817,12
1818,7
1819,10
1820,10
1821,7
1822,10
1823,6
1824,8
1825,10
1826,7
1827,6
1828,11
1829,15
1830,11
1831,11
1832,15
1833,9
1834,8
1835,7
1836,8
1837,9
1838,8
1839,13
1840,13
1841,6
1842,8
1843,8
1844,7
1845,20
1846,12
1847,16
1848,8
1849,10
1850,14
1851,9
1852,7
1853,13
1854,8
1855,9
1856,7
1857,11
1858,16
1859,9
1860,7
1861,9
1862,13
1863,5
1864,11
1865,8
1866,9
1867,8
1868,14
1869,9
1870,18
1871,11
1872,9
1873,8
1874,9
1875,6
1876,6
1877,9
1878,11
1879,10
1880,10
1881,9
1882,11
1883,5
1884,14
1885,11
1886,11
1887,13
1888,11
1889,14
1890,15
1891,10
1892,6
1893,8
1894,16
1895,9
1896,8
1897,12
1898,9
1899,7
1900,11
1901,12
1902,11
1903,10
1904,13
1905,12
1906,7
1907,10
1908,10
1909,11
1910,7
1911,12
1912,10
1913,10
1914,7
1915,5
1916,14
1917,8
1918,10
1919,14
1920,12
1921,5
1922,11
1923,11
1924,19
1925,11
1926,11
1927,7
1928,10
1929,7
1930,15
1931,21
1932,8
1933,12
1934,13
1935,13
1936,8
1937,10
1938,11
1939,10
1940,10
1941,9
1942,10
1943,4
1944,7
1945,6
1946,7
1947,5
1948,8
1949,7
1950,11
1951,11
1952,5
1953,10
1954,8
1955,12
1956,10
1957,9
1958,14
1959,7
1960,10
1961,12
1962,9
1963,12
1964,9
1965,8
1966,9
1967,10
1968,7
1969,8
1970,9
1971,6
1972,10
1973,10
1974,7
1975,12
1976,13
1977,16
1978,9
1979,6
1980,8
1981,6
1982,14
1983,10
1984,9
1985,7
1986,10
1987,10
1988,9
1989,12
1990,6
1991,7
1992,9
1993,14
1994,12
1995,7
1996,7
1997,9
1998,20
1999,5
2000,10
2001,11
2002,11
2003,8
2004,11
2005,7
2006,8
2007,11
2008,10
2009,14
2010,5
2011,9
2012,10
2013,12
2014,13
2015,9
2016,11
2017,15
2018,11
2019,8
2020,16
2021,10
2022,6
2023,10
2024,15
2025,9
2026,11
2027,11
2028,9
2029,11
2030,4
2031,11
2032,12
2033,14
2034,8
2035,9
2036,12
2037,12
2038,11
2039,7
2040,11
2041,11
2042,9
2043,13
2044,17
2045,10
2046,8
2047,7
2048,15
2049,9
2050,9
2051,12
2052,11
2053,9
2054,7
2055,9
2056,9
2057,8
2058,20
2059,18
2060,7
2061,21
2062,5
2063,13
2064,11
2065,15
2066,12
2067,14
2068,11
2069,10
2070,4
2071,17
2072,8
2073,16
2074,9
2075,7
2076,7
2077,23
2078,7
2079,7
2080,8
2081,11
2082,11
2083,9
2084,11
2085,6
2086,13
2087,9
2088,8
2089,11
2090,6
2091,14
2092,10
2093,16
2094,10
2095,13
2096,6
2097,9
2098,7
2099,13
2100,10
2101,8
2102,9
2103,15
2104,12
2105,11
2106,8
2107,15
2108,11
2109,15
2110,7
2111,8
2112,10
2113,10
2114,7
2115,9
2116,10
2117,10
2118,12
2119,10
2120,6
2121,7
2122,8
2123,11
2124,7
2125,7
2126,12
2127,7
2128,8
2129,7
2130,8
2131,7
2132,8
2133,10
2134,12
2135,11
2136,15
2137,13
2138,16
2139,15
2140,10
2141,6
2142,8
2143,11
2144,10
2145,7
2146,12
2147,10
2148,20
2149,12
2150,8
2151,14
2152,8
2153,8
2154,10
2155,12
2156,8
2157,20
2158,11
2159,18
2160,10
2161,9
2162,7
2163,8
2164,9
2165,19
2166,10
2167,9
2168,10
2169,11
2170,11
2171,10
2172,10
2173,15
2174,15
2175,8
2176,11
2177,8
2178,16
2179,9
2180,10
2181,7
2182,10
2183,12
2184,10
2185,13
2186,5
2187,7
2188,10
2189,6
2190,9
2191,14
2192,10
2193,8
2194,11
2195,16
2196,14
2197,6
2198,14
2199,11
2200,9
2201,10
2202,14
2203,19
2204,15
2205,13
2206,10
2207,7
2208,11
2209,11
2210,11
2211,10
2212,13
2213,13
2214,6
2215,4
2216,11
2217,12
2218,13
2219,18
2220,10
2221,14
2222,6
2223,8
2224,2
2225,6
2226,11
2227,10
2228,17
2229,14
2230,8
2231,10
2232,11
2233,8
2234,8
2235,9
2236,8
2237,11
2238,16
2239,4
2240,8
2241,5
2242,10
2243,6
2244,9
2245,9
2246,6
2247,6
2248,20
2249,9
2250,16
2251,7
2252,4
2253,9
2254,10
2255,13
2256,11
2257,4
2258,10
2259,11
2260,10
2261,5
2262,11
2263,11
2264,7
2265,14
2266,11
2267,9
2268,8
2269,7
2270,5
2271,6
2272,11
2273,4
2274,4
2275,12
2276,12
2277,10
2278,9
2279,20
2280,8
2281,11
2282,5
2283,7
2284,8
2285,13
2286,7
2287,11
2288,9
2289,6
2290,12
2291,10
2292,9
2293,12
2294,11
2295,7
2296,7
2297,15
2298,15
2299,17
2300,13
2301,9
2302,14
2303,5
2304,11
2305,10
2306,9
2307,9
2308,17
2309,8
2310,5
2311,8
2312,10
2313,10
2314,21
2315,8
2316,9
2317,8
2318,9
2319,12
2320,14
2321,10
2322,12
2323,12
2324,10
2325,14
2326,14
2327,8
2328,9
2329,12
2330,8
2331,10
2332,13
2333,14
2334,15
2335,8
2336,4
2337,6
2338,11
2339,9
2340,4
2341,4
2342,6
2343,9
2344,3
2345,14
2346,4
2347,9
2348,6
2349,8
2350,11
2351,11
2352,10
2353,12
2354,7
2355,6
2356,9
2357,16
2358,10
2359,8
2360,11
2361,10
2362,10
2363,12
2364,10
2365,10
2366,16
2367,9
2368,14
2369,11
2370,11
2371,8
2372,8
2373,8
2374,21
2375,10
2376,21
2377,4
2378,17
2379,10
2380,11
2381,16
2382,17
2383,13
2384,9
2385,13
2386,8
2387,15
2388,6
2389,9
2390,18
2391,8
2392,4
2393,18
2394,10
2395,8
2396,8
2397,10
2398,8
2399,10
2400,19
2401,7
2402,12
2403,5
2404,13
2405,14
2406,4
2407,6
2408,4
2409,6
2410,11
2411,13
2412,10
2413,7
2414,4
2415,14
2416,8
2417,7
2418,9
2419,19
2420,10
2421,19
2422,9
2423,17
2424,8
2425,15
2426,4
2427,12
2428,7
2429,7
2430,11
2431,9
2432,9
2433,7
2434,11
2435,9
2436,14
2437,18
2438,13
2439,10
2440,9
2441,9
2442,10
2443,10
2444,13
2445,12
2446,12
2447,4
2448,5
2449,7
2450,8
2451,10
2452,14
2453,6
2454,15
2455,10
2456,15
2457,11
2458,8
2459,9
2460,11
2461,12
2462,10
2463,9
2464,12
2465,8
2466,18
2467,10
2468,11
2469,10
2470,18
2471,7
2472,8
2473,5
2474,7
2475,7
2476,7
2477,8
2478,22
2479,15
2480,10
2481,11
2482,11
2483,8
2484,8
2485,8
2486,8
2487,10
2488,10
2489,14
2490,16
2491,10
2492,15
2493,12
2494,16
2495,14
2496,15
2497,12
2498,11
2499,9
2500,13
2501,10
2502,4
2503,11
2504,8
2505,14
2506,11
2507,12
2508,13
2509,13
2510,9
2511,9
2512,12
2513,12
2514,12
2515,10
2516,14
2517,11
2518,8
2519,8
2520,7
2521,13
2522,16
2523,9
2524,7
2525,13
2526,9
2527,10
2528,9
2529,8
2530,12
2531,11
2532,11
2533,5
2534,10
2535,11
2536,10
2537,17
2538,9
2539,7
2540,13
2541,9
2542,12
2543,17
2544,11
2545,14
2546,12
2547,13
2548,12
2549,8
2550,13
2551,11
2552,12
2553,14
2554,12
2555,10
2556,10
2557,9
2558,9
2559,8
2560,10
2561,7
2562,7
2563,12
2564,8
2565,10
2566,10
2567,15
2568,16
2569,13
2570,18
2571,9
2572,11
2573,18
2574,12
2575,7
2576,16
2577,13
2578,14
2579,8
2580,10
2581,14
2582,13
2583,16
2584,11
2585,23
2586,8
2587,9
2588,16
2589,11
2590,11
2591,7
2592,12
2593,10
2594,8
2595,13
2596,9
2597,13
2598,10
2599,9
2600,11
2601,19
2602,7
2603,15
2604,8
2605,15
2606,14
2607,11
2608,10
2609,16
2610,11
2611,8
2612,14
2613,14
2614,11
2615,14
2616,16
2617,16
2618,18
2619,8
2620,12
2621,12
2622,7
2623,25
2624,14
2625,11
2626,21
2627,9
2628,14
2629,12
2630,5
2631,8
2632,7
2633,15
2634,12
2635,8
2636,7
2637,9
2638,11
2639,15
2640,11
2641,10
2642,12
2643,8
2644,10
2645,22
2646,5
2647,10
2648,12
2649,7
2650,13
2651,11
2652,12
2653,10
2654,10
2655,8
2656,12
2657,9
2658,9
2659,9
2660,18
2661,12
2662,19
2663,11
2664,10
2665,15
2666,8
2667,14
2668,11
2669,8
2670,9
2671,7
2672,9
2673,9
2674,4
2675,9
2676,6
2677,9
2678,5
2679,11
2680,10
2681,14
2682,21
2683,9
2684,7
2685,16
2686,10
2687,12
2688,13
2689,11
2690,13
2691,10
2692,14
2693,9
2694,11
2695,23
2696,10
2697,10
2698,10
2699,10
2700,9
2701,7
2702,15
2703,18
2704,8
2705,9
2706,10
2707,12
2708,11
2709,10
2710,12
2711,8
2712,12
2713,22
2714,15
2715,13
2716,14
2717,11
2718,12
2719,6
2720,9
2721,20
2722,10
2723,13
2724,15
2725,21
2726,15
2727,8
2728,7
2729,10
2730,14
2731,15
2732,8
2733,8
2734,15
2735,6
2736,13
2737,14
2738,11
2739,15
2740,7
2741,12
2742,13
2743,7
2744,3
2745,11
2746,7
2747,20
2748,14
2749,6
2750,18
2751,6
2752,7
2753,13
2754,5
2755,8
2756,15
2757,12
2758,18
2759,13
2760,11
2761,11
2762,13
2763,14
2764,10
2765,7
2766,4
2767,18
2768,17
2769,7
2770,9
2771,9
2772,6
2773,7
2774,9
2775,13
2776,4
2777,14
2778,14
2779,9
2780,17
2781,5
2782,10
2783,9
2784,14
2785,10
2786,9
2787,14
2788,15
2789,10
2790,16
2791,10
2792,10
2793,12
2794,7
2795,12
2796,11
2797,14
2798,16
2799,14
2800,11
2801,9
2802,17
2803,12
2804,13
2805,13
2806,8
2807,14
2808,9
2809,8
2810,4
2811,16
2812,10
2813,13
2814,9
2815,6
2816,15
2817,9
2818,5
2819,20
2820,14
2821,9
2822,8
2823,11
2824,12
2825,15
2826,13
2827,17
2828,11
2829,8
2830,14
2831,10
2832,14
2833,15
2834,10
2835,14
2836,12
2837,8
2838,10
2839,12
2840,11
2841,13
2842,11
2843,12
2844,11
2845,12
2846,15
2847,16
2848,9
2849,12
2850,10
2851,8
2852,13
2853,12
2854,15
2855,12
2856,14
2857,8
2858,8
2859,9
2860,16
2861,13
2862,13
2863,10
2864,13
2865,9
2866,13
2867,8
2868,14
2869,11
2870,12
2871,16
2872,12
2873,7
2874,16
2875,7
2876,10
2877,9
2878,17
2879,7
2880,10
2881,10
2882,18
2883,8
2884,10
2885,11
2886,15
2887,9
2888,14
2889,9
2890,8
2891,14
2892,8
2893,8
2894,15
2895,10
2896,16
2897,7
2898,19
2899,8
2900,12
2901,13
2902,12
2903,18
2904,8
2905,9
2906,11
2907,16
2908,8
2909,15
2910,15
2911,28
2912,14
2913,11
2914,11
2915,17
2916,11
2917,16
2918,14
2919,12
2920,11
2921,7
2922,16
2923,13
2924,10
2925,23
2926,10
2927,11
2928,8
2929,13
2930,8
2931,13
2932,17
2933,20
2934,12
2935,20
2936,9
2937,4
2938,11
2939,11
2940,8
2941,12
2942,11
2943,17
2944,8
2945,14
2946,7
2947,11
2948,11
2949,18
2950,11
2951,13
2952,22
2953,13
2954,8
2955,25
2956,6
2957,20
2958,15
2959,11
2960,20
2961,11
2962,13
2963,11
2964,12
2965,16
2966,11
2967,9
2968,15
2969,9
2970,7
2971,8
2972,12
2973,7
2974,9
2975,15
2976,10
2977,13
2978,6
2979,13
2980,14
2981,11
2982,7
2983,13
2984,8
2985,8
2986,12
2987,14
2988,9
2989,10
2990,10
2991,12
2992,7
2993,13
2994,12
2995,15
2996,11
2997,12
2998,14
2999,9
3000,11
3001,10
3002,12
3003,15
3004,9
3005,6
3006,15
3007,7
3008,6
3009,11
3010,14
3011,8
3012,5
3013,9
3014,6
3015,5
3016,14
3017,12
3018,12
3019,9
3020,20
3021,8
3022,10
3023,16
3024,7
3025,12
3026,11
3027,13
3028,6
3029,11
3030,12
3031,6
3032,13
3033,17
3034,16
3035,12
3036,15
3037,7
3038,4
3039,13
3040,5
3041,6
3042,11
3043,18
3044,10
3045,13
3046,6
3047,20
3048,7
3049,9
3050,11
3051,8
3052,12
3053,11
3054,5
3055,15
3056,7
3057,10
3058,14
3059,12
3060,14
3061,19
3062,12
3063,14
3064,11
3065,16
3066,15
3067,9
3068,9
3069,15
3070,12
3071,20
3072,13
3073,11
3074,10
3075,16
3076,11
3077,12
3078,7
3079,9
3080,7
3081,7
3082,11
3083,7
3084,7
3085,12
3086,8
3087,11
3088,9
3089,11
3090,7
3091,9
3092,7
3093,14
3094,11
3095,9
3096,10
3097,9
3098,8
3099,11
3100,14
3101,8
3102,6
3103,7
3104,11
3105,13
3106,8
3107,4
3108,11
3109,6
3110,11
3111,10
3112,17
3113,8
3114,9
3115,11
3116,13
3117,16
3118,13
3119,6
3120,13
3121,17
3122,8
3123,20
3124,9
3125,12
3126,10
3127,8
3128,7
3129,11
3130,9
3131,9
3132,10
3133,8
3134,8
3135,12
3136,6
3137,13
3138,9
3139,9
3140,9
3141,17
3142,13
3143,8
3144,10
3145,9
3146,8
3147,10
3148,12
3149,11
3150,13
3151,14
3152,18
3153,9
3154,8
3155,7
3156,11
3157,13
3158,13
3159,10
3160,12
3161,9
3162,9
3163,9
3164,9
3165,7
3166,6
3167,15
3168,15
3169,11
3170,13
3171,13
3172,15
3173,7
3174,17
3175,13
3176,16
3177,15
3178,18
3179,7
3180,21
3181,7
3182,10
3183,10
3184,10
3185,18
3186,16
3187,9
3188,19
3189,13
3190,11
3191,14
3192,9
3193,6
3194,10
3195,12
3196,15
3197,18
3198,11
3199,6
3200,12
3201,16
3202,16
3203,14
3204,7
3205,8
3206,13
3207,13
3208,14
3209,19
3210,11
3211,11
3212,8
3213,12
3214,15
3215,10
3216,6
3217,9
3218,11
3219,12
3220,18
3221,10
3222,10
3223,9
3224,10
3225,4
3226,15
3227,9
3228,15
3229,10
3230,8
3231,14
3232,11
3233,15
3234,10
3235,20
3236,8
3237,14
3238,11
3239,13
3240,11
3241,7
3242,17
3243,16
3244,18
3245,15
3246,14
3247,4
3248,12
3249,10
3250,17
3251,6
3252,17
3253,15
3254,8
3255,7
3256,11
3257,12
3258,11
3259,16
3260,13
3261,13
3262,7
3263,16
3264,15
3265,8
3266,18
3267,12
3268,7
3269,13
3270,8
3271,11
3272,15
3273,18
3274,15
3275,10
3276,10
3277,8
3278,15
3279,12
3280,16
3281,13
3282,10
3283,8
3284,11
3285,14
3286,13
3287,12
3288,14
3289,10
3290,13
3291,13
3292,13
3293,9
3294,12
3295,17
3296,14
3297,8
3298,16
3299,14
3300,13
3301,8
3302,11
3303,15
3304,19
3305,9
3306,9
3307,13
3308,17
3309,16
3310,10
3311,12
3312,10
3313,8
3314,6
3315,20
3316,13
3317,6
3318,8
3319,16
3320,13
3321,3
3322,10
3323,13
3324,16
3325,10
3326,9
3327,10
3328,9
3329,18
3330,9
3331,9
3332,11
3333,4
3334,9
3335,14
3336,7
3337,15
3338,13
3339,6
3340,11
3341,14
3342,12
3343,9
3344,9
3345,14
3346,11
3347,9
3348,11
3349,11
3350,21
3351,8
3352,8
3353,15
3354,24
3355,11
3356,11
3357,10
3358,13
3359,7
3360,9
3361,9
3362,15
3363,7
3364,15
3365,5
3366,7
3367,7
3368,11
3369,5
3370,10
3371,18
3372,11
3373,10
3374,11
3375,9
3376,15
3377,7
3378,12
3379,16
3380,11
3381,14
3382,8
3383,11
3384,20
3385,4
3386,2
3387,7
3388,9
3389,12
3390,7
3391,13
3392,11
3393,7
3394,10
3395,5
3396,6
3397,17
3398,11
3399,8
3400,11
3401,8
3402,10
3403,11
3404,19
3405,5
3406,9
3407,11
3408,9
3409,11
3410,10
3411,17
3412,18
3413,13
3414,12
3415,15
3416,14
3417,6
3418,8
3419,10
3420,6
3421,9
3422,20
3423,11
3424,11
3425,11
3426,12
3427,15
3428,9
3429,13
3430,9
3431,16
3432,10
3433,11
3434,10
3435,8
3436,7
3437,18
3438,7
3439,13
3440,19
3441,11
3442,6
3443,13
3444,8
3445,10
3446,8
3447,7
3448,13
3449,6
3450,15
3451,5
3452,5
3453,12
3454,15
3455,6
3456,7
3457,8
3458,7
3459,12
3460,10
3461,16
3462,9
3463,9
3464,13
3465,9
3466,10
3467,11
3468,10
3469,10
3470,9
3471,7
3472,12
3473,16
3474,13
3475,22
3476,12
3477,10
3478,16
3479,19
3480,10
3481,12
3482,8
3483,15
3484,16
3485,7
3486,14
3487,15
3488,15
3489,11
3490,11
3491,7
3492,16
3493,10
3494,8
3495,15
3496,8
3497,14
3498,11
3499,15
3500,6
3501,11
3502,11
3503,12
3504,10
3505,15
3506,13
3507,8
3508,8
3509,15
3510,8
3511,7
3512,7
3513,15
3514,13
3515,10
3516,9
3517,8
3518,20
3519,21
3520,15
3521,10
3522,10
3523,8
3524,6
3525,7
3526,8
3527,13
3528,12
3529,10
3530,13
3531,19
3532,8
3533,15
3534,10
3535,12
3536,10
3537,15
3538,9
3539,8
3540,11
3541,13
3542,7
3543,8
3544,6
3545,10
3546,8
3547,12
3548,11
3549,10
3550,16
3551,7
3552,12
3553,7
3554,9
3555,12
3556,6
3557,12
3558,11
3559,14
3560,8
3561,8
3562,15
3563,9
3564,10
3565,11
3566,13
3567,16
3568,13
3569,14
3570,12
3571,10
3572,9
3573,6
3574,13
3575,15
3576,10
3577,9
3578,8
3579,11
3580,14
3581,16
3582,11
3583,18
3584,9
3585,9
3586,9
3587,12
3588,11
3589,9
3590,12
3591,8
3592,14
3593,7
3594,13
3595,20
3596,15
3597,4
3598,16
3599,9
3600,18
3601,16
3602,8
3603,10
3604,14
3605,7
3606,5
3607,11
3608,10
3609,9
3610,11
3611,9
3612,8
3613,9
3614,11
3615,10
3616,14
3617,28
3618,17
3619,19
3620,7
3621,12
3622,5
3623,19
3624,9
3625,12
3626,12
3627,9
3628,13
3629,11
3630,10
3631,14
3632,13
3633,18
3634,12
3635,14
3636,10
3637,11
3638,8
3639,9
3640,16
3641,7
3642,12
3643,17
3644,15
3645,10
3646,6
3647,11
3648,19
3649,13
3650,15
3651,12
3652,15
3653,10
3654,15
3655,14
3656,10
3657,14
3658,13
3659,7
3660,7
3661,11
3662,14
3663,8
3664,12
3665,14
3666,11
3667,11
3668,11
3669,11
3670,11
3671,14
3672,13
3673,18
3674,8
3675,11
3676,16
3677,16
3678,13
3679,18
3680,7
3681,7
3682,9
3683,11
3684,14
3685,11
3686,4
3687,8
3688,8
3689,6
3690,13
3691,17
3692,10
3693,9
3694,11
3695,7
3696,11
3697,15
3698,12
3699,11
3700,17
3701,11
3702,13
3703,15
3704,11
3705,19
3706,13
3707,8
3708,11
3709,12
3710,19
3711,8
3712,7
3713,10
3714,8
3715,12
3716,12
3717,12
3718,10
3719,10
3720,12
3721,8
3722,13
3723,13
3724,12
3725,15
3726,10
3727,11
3728,9
3729,12
3730,17
3731,11
3732,15
3733,10
3734,15
3735,11
3736,13
3737,20
3738,9
3739,12
3740,11
3741,10
3742,12
3743,8
3744,12
3745,15
3746,10
3747,5
3748,11
3749,10
3750,9
3751,9
3752,10
3753,14
3754,14
3755,12
3756,6
3757,7
3758,10
3759,13
3760,10
3761,3
3762,7
3763,11
3764,12
3765,11
3766,12
3767,16
3768,8
3769,12
3770,13
3771,8
3772,10
3773,8
3774,9
3775,7
3776,12
3777,12
3778,8
3779,13
3780,4
3781,14
3782,6
3783,9
3784,17
3785,7
3786,8
3787,11
3788,7
3789,12
3790,6
3791,9
3792,11
3793,10
3794,13
3795,10
3796,6
3797,10
3798,10
3799,5
3800,11
3801,7
3802,9
3803,8
3804,10
3805,8
3806,14
3807,13
3808,13
3809,9
3810,7
3811,13
3812,7
3813,11
3814,8
3815,12
3816,12
3817,8
3818,16
3819,14
3820,10
3821,12
3822,11
3823,10
3824,14
3825,12
3826,16
3827,9
3828,9
3829,16
3830,11
3831,13
3832,10
3833,7
3834,15
3835,8
3836,16
3837,16
3838,14
3839,5
3840,9
3841,13
3842,10
3843,4
3844,11
3845,11
3846,19
3847,10
3848,11
3849,12
3850,13
3851,11
3852,6
3853,13
3854,9
3855,18
3856,11
3857,8
3858,10
3859,8
3860,17
3861,17
3862,9
3863,6
3864,12
3865,8
3866,9
3867,6
3868,7
3869,8
3870,7
3871,11
3872,11
3873,16
3874,6
3875,9
3876,10
3877,12
3878,13
3879,15
3880,13
3881,12
3882,8
3883,8
3884,18
3885,6
3886,16
3887,12
3888,15
3889,7
3890,11
3891,13
3892,10
3893,9
3894,9
3895,6
3896,9
3897,11
3898,7
3899,7
3900,11
3901,9
3902,17
3903,15
3904,8
3905,8
3906,17
3907,17
3908,20
3909,12
3910,12
3911,5
3912,9
3913,10
3914,7
3915,9
3916,9
3917,14
3918,6
3919,14
3920,4
3921,10
3922,7
3923,13
3924,6
3925,6
3926,13
3927,19
3928,8
3929,10
3930,10
3931,20
3932,11
3933,14
3934,9
3935,6
3936,13
3937,10
3938,12
3939,10
3940,6
3941,19
3942,20
3943,10
3944,9
3945,7
3946,8
3947,10
3948,9
3949,14
3950,7
3951,10
3952,11
3953,8
3954,7
3955,11
3956,12
3957,10
3958,9
3959,9
3960,13
3961,7
3962,6
3963,14
3964,10
3965,13
3966,14
3967,11
3968,12
3969,10
3970,15
3971,15
3972,17
3973,23
3974,11
3975,11
3976,11
3977,13
3978,16
3979,7
3980,13
3981,12
3982,8
3983,5
3984,11
3985,13
3986,11
3987,10
3988,10
3989,8
3990,14
3991,15
3992,11
3993,7
3994,13
3995,10
3996,8
3997,6
3998,12
3999,19
4000,13
4001,9
4002,22
4003,14
4004,18
4005,15
4006,22
4007,11
4008,10
4009,13
4010,10
4011,10
4012,11
4013,7
4014,6
4015,12
4016,23
4017,11
4018,10
4019,10
4020,10
4021,8
4022,12
4023,13
4024,9
4025,21
4026,8
4027,9
4028,15
4029,13
4030,6
4031,13
4032,10
4033,6
4034,12
4035,7
4036,9
4037,8
4038,13
4039,13
4040,10
4041,14
4042,16
4043,13
4044,13
4045,11
4046,7
4047,11
4048,14
4049,16
4050,20
4051,12
4052,13
4053,10
4054,17
4055,11
4056,9
4057,14
4058,19
4059,17
4060,18
4061,15
4062,14
4063,13
4064,14
4065,19
4066,13
4067,11
4068,14
4069,11
4070,15
4071,22
4072,8
4073,10
4074,9
4075,8
4076,11
4077,7
4078,9
4079,15
4080,20
4081,9
4082,19
4083,12
4084,14
4085,11
4086,11
4087,9
4088,15
4089,8
4090,12
4091,9
4092,14
4093,10
4094,12
4095,14
4096,12
4097,9
4098,19
4099,21
4100,7
4101,21
4102,12
4103,8
4104,16
4105,9
4106,20
4107,8
4108,13
4109,15
4110,15
4111,10
4112,14
4113,11
4114,12
4115,12
4116,9
4117,22
4118,12
4119,13
4120,18
4121,13
4122,5
4123,15
4124,11
4125,10
4126,8
4127,11
4128,24
4129,9
4130,11
4131,9
4132,10
4133,20
4134,9
4135,19
4136,21
4137,12
4138,14
4139,13
4140,23
4141,10
4142,22
4143,11
4144,11
4145,13
4146,11
4147,13
4148,19
4149,22
4150,10
4151,12
4152,8
4153,9
4154,9
4155,10
4156,5
4157,6
4158,15
4159,11
4160,12
4161,17
4162,11
4163,9
4164,13
4165,12
4166,10
4167,11
4168,6
4169,14
4170,16
4171,8
4172,11
4173,12
4174,11
4175,13
4176,16
4177,13
4178,8
4179,15
4180,9
4181,12
4182,16
4183,7
4184,6
4185,10
4186,15
4187,11
4188,12
4189,15
4190,8
4191,10
4192,8
4193,9
4194,11
4195,18
4196,11
4197,10
4198,11
4199,11
4200,8
4201,9
4202,12
4203,11
4204,8
4205,15
4206,10
4207,7
4208,23
4209,12
4210,6
4211,11
4212,13
4213,11
4214,16
4215,10
4216,1
4217,6
4218,8
4219,23
4220,6
4221,9
4222,20
4223,16
4224,9
4225,15
4226,13
4227,9
4228,20
4229,23
4230,14
4231,10
4232,19
4233,16
4234,11
4235,18
4236,13
4237,16
4238,13
4239,12
4240,15
4241,7
4242,1
4243,10
4244,11
4245,18
4246,10
4247,25
4248,18
4249,16
4250,10
4251,8
4252,12
4253,10
4254,25
4255,13
4256,15
4257,10
4258,14
4259,13
4260,15
4261,6
4262,10
4263,11
4264,12
4265,14
4266,8
4267,17
4268,9
4269,9
4270,8
4271,11
4272,11
4273,16
4274,4
4275,10
4276,8
4277,17
4278,9
4279,15
4280,17
4281,10
4282,6
4283,10
4284,16
4285,14
4286,5
4287,6
4288,20
4289,7
4290,11
4291,8
4292,8
4293,6
4294,15
4295,10
4296,11
4297,9
4298,15
4299,17
4300,8
4301,8
4302,7
4303,12
4304,8
4305,15
4306,6
4307,17
4308,15
4309,18
4310,11
4311,16
4312,14
4313,6
4314,10
4315,6
4316,7
4317,8
4318,13
4319,12
4320,16
4321,7
4322,10
4323,13
4324,13
4325,7
4326,7
4327,10
4328,16
4329,11
4330,10
4331,14
4332,7
4333,10
4334,9
4335,17
4336,15
4337,15
4338,5
4339,14
4340,10
4341,9
4342,9
4343,11
4344,14
4345,8
4346,8
4347,10
4348,9
4349,8
4350,7
4351,13
4352,10
4353,9
4354,11
4355,5
4356,18
4357,7
4358,10
4359,6
4360,8
4361,9
4362,11
4363,15
4364,16
4365,20
4366,12
4367,23
4368,14
4369,14
4370,7
4371,8
4372,13
4373,9
4374,19
4375,19
4376,7
4377,18
4378,11
4379,17
4380,12
4381,17
4382,17
4383,10
4384,8
4385,19
4386,24
4387,20
4388,10
4389,7
4390,8
4391,12
4392,9
4393,12
4394,11
4395,15
4396,14
4397,15
4398,14
4399,14
4400,7
4401,12
4402,9
4403,14
4404,6
4405,8
4406,11
4407,12
4408,8
4409,11
4410,12
4411,10
4412,17
4413,16
4414,21
4415,6
4416,20
4417,12
4418,15
4419,10
4420,13
4421,10
4422,20
4423,17
4424,9
4425,7
4426,11
4427,19
4428,6
4429,23
4430,14
4431,8
4432,13
4433,10
4434,7
4435,6
4436,10
4437,10
4438,17
4439,11
4440,12
4441,9
4442,9
4443,13
4444,14
4445,12
4446,11
4447,15
4448,13
4449,20
4450,12
4451,11
4452,7
4453,14
4454,11
4455,12
4456,13
4457,20
4458,8
4459,8
4460,16
4461,13
4462,16
4463,13
4464,11
4465,9
4466,13
4467,9
4468,18
4469,5
4470,10
4471,13
4472,8
4473,15
4474,8
4475,11
4476,12
4477,16
4478,11
4479,7
4480,15
4481,12
4482,10
4483,16
4484,15
4485,10
4486,16
4487,21
4488,30
4489,12
4490,17
4491,16
4492,13
4493,13
4494,10
4495,11
4496,13
4497,13
4498,8
4499,14
4500,12
4501,8
4502,11
4503,6
4504,20
4505,12
4506,9
4507,11
4508,10
4509,7
4510,7
4511,21
4512,13
4513,4
4514,7
4515,15
4516,13
4517,4
4518,7
4519,10
4520,6
4521,12
4522,10
4523,11
4524,12
4525,15
4526,10
4527,8
4528,11
4529,14
4530,16
4531,14
4532,17
4533,12
4534,17
4535,8
4536,16
4537,8
4538,10
4539,20
4540,10
4541,16
4542,9
4543,5
4544,11
4545,7
4546,17
4547,18
4548,10
4549,13
4550,10
4551,7
4552,8
4553,9
4554,8
4555,12
4556,17
4557,8
4558,10
4559,16
4560,8
4561,18
4562,8
4563,15
4564,9
4565,8
4566,14
4567,14
4568,8
4569,8
4570,9
4571,10
4572,11
4573,8
4574,8
4575,7
4576,11
4577,19
4578,14
4579,9
4580,11
4581,8
4582,8
4583,11
4584,13
4585,6
4586,12
4587,15
4588,9
4589,9
4590,10
4591,12
4592,12
4593,14
4594,10
4595,16
4596,13
4597,14
4598,17
4599,16
4600,6
4601,7
4602,9
4603,16
4604,9
4605,4
4606,11
4607,7
4608,11
4609,7
4610,12
4611,10
4612,7
4613,13
4614,18
4615,7
4616,12
4617,9
4618,11
4619,31
4620,12
4621,22
4622,8
4623,9
4624,15
4625,12
4626,10
4627,11
4628,5
4629,11
4630,10
4631,12
4632,15
4633,11
4634,1
4635,5
4636,9
4637,14
4638,9
4639,12
4640,12
4641,16
4642,13
4643,14
4644,9
4645,9
4646,13
4647,11
4648,13
4649,10
4650,8
4651,14
4652,23
4653,9
4654,13
4655,10
4656,9
4657,14
4658,11
4659,20
4660,16
4661,7
4662,20
4663,21
4664,9
4665,12
4666,16
4667,11
4668,10
4669,13
4670,11
4671,17
4672,11
4673,17
4674,22
4675,10
4676,18
4677,12
4678,19
4679,10
4680,10
4681,12
4682,14
4683,12
4684,10
4685,9
4686,13
4687,8
4688,6
4689,9
4690,10
4691,16
4692,12
4693,5
4694,15
4695,12
4696,8
4697,12
4698,9
4699,10
4700,20
4701,9
4702,14
4703,14
4704,14
4705,14
4706,7
4707,14
4708,23
4709,13
4710,27
4711,11
4712,12
4713,10
4714,13
4715,13
4716,13
4717,15
4718,6
4719,9
4720,15
4721,16
4722,15
4723,13
4724,15
4725,8
4726,15
4727,15
4728,15
4729,21
4730,15
4731,11
4732,15
4733,17
4734,13
4735,10
4736,15
4737,7
4738,22
4739,5
4740,7
4741,9
4742,14
4743,17
4744,4
4745,11
4746,13
4747,13
4748,4
4749,7
4750,17
4751,8
4752,15
4753,10
4754,10
4755,7
4756,17
4757,16
4758,14
4759,7
4760,4
4761,4
4762,19
4763,20
4764,12
4765,14
4766,8
4767,20
4768,11
4769,11
4770,16
4771,9
4772,11
4773,17
4774,7
4775,15
4776,10
4777,17
4778,10
4779,9
4780,14
4781,14
4782,15
4783,10
4784,10
4785,17
4786,9
4787,15
4788,8
4789,18
4790,11
4791,12
4792,9
4793,12
4794,13
4795,13
4796,15
4797,14
4798,16
4799,13
4800,9
4801,17
4802,10
4803,6
4804,12
4805,19
4806,12
4807,6
4808,12
4809,7
4810,15
4811,11
4812,13
4813,21
4814,11
4815,9
4816,11
4817,13
4818,18
4819,10
4820,20
4821,13
4822,13
4823,11
4824,13
4825,14
4826,7
4827,14
4828,16
4829,12
4830,10
4831,12
4832,10
4833,16
4834,16
4835,12
4836,12
4837,12
4838,6
4839,16
4840,9
4841,16
4842,14
4843,9
4844,9
4845,17
4846,14
4847,17
4848,10
4849,12
4850,21
4851,9
4852,8
4853,9
4854,23
4855,14
4856,5
4857,15
4858,16
4859,11
4860,12
4861,15
4862,11
4863,8
4864,4
4865,12
4866,7
4867,9
4868,7
4869,13
4870,13
4871,11
4872,9
4873,21
4874,7
4875,20
4876,13
4877,16
4878,5
4879,19
4880,19
4881,14
4882,27
4883,5
4884,13
4885,14
4886,11
4887,8
4888,14
4889,10
4890,18
4891,12
4892,20
4893,13
4894,16
4895,18
4896,12
4897,4
4898,11
4899,10
4900,14
4901,16
4902,14
4903,14
4904,16
4905,11
4906,14
4907,15
4908,17
4909,21
4910,16
4911,6
4912,12
4913,12
4914,9
4915,16
4916,9
4917,13
4918,16
4919,23
4920,9
4921,13
4922,17
4923,11
4924,12
4925,9
4926,10
4927,14
4928,17
4929,10
4930,12
4931,8
4932,12
4933,16
4934,10
4935,11
4936,7
4937,8
4938,25
4939,7
4940,15
4941,13
4942,12
4943,14
4944,25
4945,5
4946,19
4947,16
4948,10
4949,7
4950,16
4951,11
4952,9
4953,12
4954,10
4955,21
4956,19
4957,28
4958,13
4959,17
4960,15
4961,13
4962,6
4963,9
4964,12
4965,16
4966,13
4967,6
4968,11
4969,15
4970,10
4971,11
4972,6
4973,17
4974,18
4975,10
4976,10
4977,8
4978,5
4979,11
4980,15
4981,10
4982,5
4983,10
4984,13
4985,17
4986,7
4987,8
4988,7
4989,12
4990,9
4991,12
4992,19
4993,11
4994,12
4995,14
4996,14
4997,14
4998,5
4999,11
5000,15
5001,14
5002,15
5003,19
5004,8
5005,10
5006,13
5007,12
5008,13
5009,15
5010,17
5011,13
5012,9
5013,14
5014,14
5015,10
5016,7
5017,16
5018,18
5019,8
5020,14
5021,14
5022,19
5023,7
5024,9
5025,16
5026,9
5027,12
5028,18
5029,6
5030,15
5031,22
5032,12
5033,19
5034,9
5035,9
5036,9
5037,8
5038,15
5039,10
5040,11
5041,19
5042,9
5043,5
5044,13
5045,9
5046,8
5047,6
5048,13
5049,6
5050,10
5051,9
5052,12
5053,11
5054,13
5055,12
5056,11
5057,16
5058,18
5059,19
5060,12
5061,9
5062,9
5063,10
5064,14
5065,17
5066,8
5067,9
5068,9
5069,7
5070,9
5071,6
5072,17
5073,8
5074,21
5075,10
5076,6
5077,9
5078,8
5079,9
5080,11
5081,4
5082,8
5083,7
5084,18
5085,13
5086,12
5087,14
5088,10
5089,5
5090,15
5091,9
5092,10
5093,10
5094,13
5095,14
5096,17
5097,14
5098,12
5099,14
5100,10
5101,10
5102,8
5103,9
5104,10
5105,10
5106,19
5107,9
5108,12
5109,24
5110,10
5111,8
5112,10
5113,10
5114,6
5115,4
5116,18
5117,10
5118,11
5119,9
5120,10
5121,27
5122,18
5123,11
5124,6
5125,15
5126,9
5127,12
5128,21
5129,14
5130,13
5131,9
5132,12
5133,12
5134,9
5135,8
5136,14
5137,14
5138,10
5139,9
5140,11
5141,5
5142,14
5143,7
5144,23
5145,10
5146,8
5147,15
5148,14
5149,15
5150,12
5151,18
5152,15
5153,16
5154,21
5155,13
5156,4
5157,12
5158,7
5159,10
5160,15
5161,7
5162,11
5163,12
5164,15
5165,6
5166,8
5167,7
5168,11
5169,14
5170,13
5171,10
5172,10
5173,8
5174,11
5175,11
5176,12
5177,12
5178,9
5179,11
5180,15
5181,16
5182,13
5183,9
5184,11
5185,21
5186,21
5187,10
5188,16
5189,16
5190,18
5191,12
5192,9
5193,12
5194,6
5195,21
5196,10
5197,10
5198,10
5199,12
5200,7
5201,9
5202,10
5203,12
5204,16
5205,7
5206,20
5207,12
5208,11
5209,13
5210,15
5211,9
5212,9
5213,14
5214,10
5215,19
5216,16
5217,14
5218,10
5219,14
5220,8
5221,9
5222,10
5223,9
5224,10
5225,14
5226,13
5227,7
5228,13
5229,9
5230,14
5231,20
5232,11
5233,16
5234,8
5235,17
5236,13
5237,7
5238,13
5239,7
5240,13
5241,14
5242,8
5243,15
5244,16
5245,11
5246,13
5247,11
5248,20
5249,8
5250,17
5251,11
5252,16
5253,10
5254,10
5255,17
5256,16
5257,7
5258,14
5259,18
5260,18
5261,16
5262,11
5263,15
5264,9
5265,8
5266,10
5267,12
5268,9
5269,13
5270,16
5271,8
5272,18
5273,12
5274,19
5275,13
5276,15
5277,7
5278,13
5279,13
5280,11
5281,10
5282,8
5283,14
5284,10
5285,15
5286,6
5287,13
5288,9
5289,19
5290,18
5291,11
5292,21
5293,3
5294,7
5295,7
5296,13
5297,11
5298,8
5299,8
5300,10
5301,11
5302,20
5303,12
5304,13
5305,9
5306,7
5307,13
5308,9
5309,13
5310,20
5311,10
5312,8
5313,15
5314,17
5315,24
5316,10
5317,14
5318,6
5319,11
5320,9
5321,8
5322,12
5323,14
5324,11
5325,13
5326,12
5327,17
5328,10
5329,15
5330,14
5331,20
5332,16
5333,8
5334,13
5335,8
5336,6
5337,19
5338,10
5339,10
5340,20
5341,9
5342,10
5343,18
5344,18
5345,28
5346,9
5347,17
5348,14
5349,7
5350,11
5351,12
5352,18
5353,12
5354,14
5355,15
5356,7
5357,20
5358,11
5359,7
5360,11
5361,14
5362,20
5363,6
5364,4
5365,14
5366,20
5367,12
5368,14
5369,15
5370,10
5371,11
5372,15
5373,7
5374,17
5375,8
5376,24
5377,11
5378,8
5379,10
5380,16
5381,10
5382,9
5383,13
5384,10
5385,11
5386,10
5387,10
5388,11
5389,11
5390,14
5391,16
5392,8
5393,10
5394,5
5395,16
5396,13
5397,6
5398,17
5399,10
5400,14
5401,13
5402,15
5403,13
5404,10
5405,14
5406,21
5407,9
5408,13
5409,11
5410,6
5411,10
5412,7
5413,13
5414,8
5415,13
5416,11
5417,11
5418,11
5419,11
5420,14
5421,16
5422,6
5423,11
5424,10
5425,7
5426,8
5427,16
5428,15
5429,14
5430,15
5431,9
5432,14
5433,17
5434,15
5435,19
5436,14
5437,7
5438,8
5439,13
5440,13
5441,14
5442,8
5443,21
5444,9
5445,16
5446,14
5447,10
5448,16
5449,10
5450,17
5451,16
5452,23
5453,8
5454,15
5455,9
5456,9
5457,15
5458,22
5459,10
5460,5
5461,14
5462,10
5463,13
5464,6
5465,18
5466,10
5467,16
5468,18
5469,7
5470,10
5471,14
5472,8
5473,15
5474,10
5475,13
5476,9
5477,19
5478,12
5479,14
5480,16
5481,13
5482,15
5483,7
5484,8
5485,13
5486,17
5487,15
5488,14
5489,11
5490,14
5491,17
5492,15
5493,19
5494,15
5495,15
5496,8
5497,4
5498,12
5499,14
5500,8
5501,17
5502,17
5503,19
5504,23
5505,15
5506,20
5507,11
5508,10
5509,9
5510,13
5511,14
5512,11
5513,18
5514,15
5515,8
5516,13
5517,12
5518,20
5519,14
5520,5
5521,16
5522,15
5523,9
5524,12
5525,13
5526,10
5527,13
5528,11
5529,12
5530,16
5531,12
5532,10
5533,8
5534,10
5535,7
5536,17
5537,11
5538,8
5539,6
5540,12
5541,14
5542,16
5543,14
5544,10
5545,13
5546,10
5547,8
5548,11
5549,9
5550,12
5551,17
5552,13
5553,15
5554,10
5555,18
5556,7
5557,16
5558,16
5559,6
5560,19
5561,6
5562,10
5563,15
5564,13
5565,20
5566,20
5567,11
5568,18
5569,19
5570,8
5571,9
5572,10
5573,14
5574,23
5575,17
5576,11
5577,15
5578,12
5579,16
5580,6
5581,6
5582,10
5583,17
5584,8
5585,8
5586,9
5587,8
5588,15
5589,11
5590,9
5591,12
5592,8
5593,6
5594,10
5595,8
5596,13
5597,15
5598,13
5599,17
5600,11
5601,10
5602,17
5603,9
5604,7
5605,19
5606,12
5607,5
5608,16
5609,11
5610,15
5611,21
5612,10
5613,13
5614,11
5615,9
5616,12
5617,18
5618,7
5619,14
5620,10
5621,12
5622,13
5623,11
5624,9
5625,17
5626,13
5627,17
5628,13
5629,14
5630,20
5631,10
5632,22
5633,11
5634,10
5635,10
5636,12
5637,10
5638,12
5639,9
5640,21
5641,7
5642,14
5643,7
5644,10
5645,4
5646,12
5647,10
5648,13
5649,12
5650,11
5651,18
5652,11
5653,5
5654,15
5655,9
5656,16
5657,9
5658,17
5659,15
5660,18
5661,12
5662,9
5663,14
5664,18
5665,15
5666,11
5667,10
5668,7
5669,10
5670,17
5671,11
5672,7
5673,10
5674,12
5675,13
5676,12
5677,13
5678,17
5679,16
5680,20
5681,11
5682,11
5683,9
5684,12
5685,24
5686,8
5687,17
5688,12
5689,12
5690,17
5691,7
5692,20
5693,13
5694,13
5695,13
5696,12
5697,12
5698,9
5699,13
5700,5
5701,10
5702,15
5703,14
5704,14
5705,14
5706,17
5707,17
5708,16
5709,16
5710,15
5711,14
5712,12
5713,11
5714,14
5715,18
5716,5
5717,24
5718,16
5719,14
5720,8
5721,20
5722,17
5723,17
5724,23
5725,13
5726,14
5727,10
5728,13
5729,10
5730,13
5731,14
5732,6
5733,28
5734,7
5735,12
5736,10
5737,12
5738,9
5739,21
5740,13
5741,7
5742,14
5743,21
5744,10
5745,9
5746,18
5747,11
5748,11
5749,17
5750,7
5751,13
5752,14
5753,5
5754,23
5755,11
5756,14
5757,21
5758,21
5759,10
5760,11
5761,11
5762,6
5763,9
5764,17
5765,14
5766,9
5767,9
5768,10
5769,15
5770,16
5771,8
5772,17
5773,12
5774,12
5775,12
5776,18
5777,13
5778,10
5779,13
5780,10
5781,8
5782,11
5783,11
5784,17
5785,12
5786,17
5787,9
5788,10
5789,16
5790,13
5791,11
5792,20
5793,17
5794,9
5795,15
5796,12
5797,21
5798,16
5799,19
5800,24
5801,7
5802,12
5803,12
5804,13
5805,11
5806,14
5807,7
5808,7
5809,13
5810,9
5811,12
5812,20
5813,20
5814,11
5815,8
5816,11
5817,13
5818,10
5819,7
5820,13
5821,17
5822,12
5823,11
5824,19
5825,9
5826,16
5827,11
5828,13
5829,19
5830,5
5831,18
5832,8
5833,8
5834,10
5835,11
5836,11
5837,6
5838,6
5839,7
5840,7
5841,9
5842,11
5843,20
5844,12
5845,16
5846,15
5847,13
5848,12
5849,13
5850,17
5851,8
5852,13
5853,25
5854,26
5855,9
5856,9
5857,13
5858,15
5859,11
5860,9
5861,12
5862,10
5863,17
5864,21
5865,12
5866,18
5867,13
5868,10
5869,13
5870,13
5871,13
5872,16
5873,12
5874,6
5875,16
5876,7
5877,16
5878,13
5879,21
5880,7
5881,15
5882,18
5883,14
5884,9
5885,5
5886,17
5887,26
5888,8
5889,16
5890,7
5891,8
5892,10
5893,7
5894,8
5895,20
5896,13
5897,11
5898,12
5899,11
5900,13
5901,8
5902,15
5903,12
5904,14
5905,14
5906,11
5907,6
5908,14
5909,15
5910,16
5911,19
5912,9
5913,6
5914,11
5915,9
5916,9
5917,13
5918,12
5919,12
5920,9
5921,20
5922,12
5923,14
5924,7
5925,8
5926,19
5927,18
5928,19
5929,8
5930,5
5931,8
5932,11
5933,15
5934,14
5935,14
5936,11
5937,15
5938,13
5939,15
5940,19
5941,7
5942,18
5943,14
5944,6
5945,15
5946,17
5947,16
5948,10
5949,13
5950,18
5951,10
5952,5
5953,10
5954,15
5955,12
5956,18
5957,9
5958,13
5959,11
5960,12
5961,16
5962,13
5963,17
5964,16
5965,10
5966,16
5967,14
5968,8
5969,20
5970,9
5971,12
5972,12
5973,23
5974,12
5975,10
5976,13
5977,16
5978,20
5979,14
5980,9
5981,17
5982,9
5983,19
5984,16
5985,9
5986,8
5987,19
5988,13
5989,8
5990,11
5991,7
5992,5
5993,7
5994,8
5995,11
5996,17
5997,7
5998,18
5999,19
6000,23
6001,20
6002,6
6003,9
6004,15
6005,11
6006,17
6007,25
6008,17
6009,7
6010,23
6011,12
6012,15
6013,11
6014,11
6015,3
6016,16
6017,14
6018,7
6019,11
6020,11
6021,4
6022,5
6023,8
6024,18
6025,9
6026,13
6027,11
6028,18
6029,15
6030,7
6031,9
6032,18
6033,14
6034,10
6035,7
6036,16
6037,11
6038,16
6039,14
6040,11
6041,9
6042,13
6043,11
6044,12
6045,10
6046,5
6047,13
6048,10
6049,15
6050,6
6051,9
6052,13
6053,14
6054,15
6055,17
6056,18
6057,7
6058,23
6059,16
6060,16
6061,20
6062,10
6063,8
6064,12
6065,20
6066,16
6067,8
6068,7
6069,7
6070,12
6071,11
6072,12
6073,8
6074,8
6075,15
6076,16
6077,19
6078,21
6079,16
6080,4
6081,14
6082,10
6083,18
6084,9
6085,7
6086,5
6087,11
6088,14
6089,13
6090,8
6091,22
6092,6
6093,9
6094,14
6095,10
6096,19
6097,19
6098,14
6099,20
6100,14
6101,6
6102,16
6103,8
6104,19
6105,14
6106,7
6107,12
6108,15
6109,20
6110,14
6111,15
6112,9
6113,13
6114,12
6115,6
6116,13
6117,12
6118,10
6119,14
6120,14
6121,10
6122,10
6123,18
6124,10
6125,12
6126,14
6127,19
6128,13
6129,12
6130,11
6131,14
6132,12
6133,10
6134,9
6135,10
6136,6
6137,8
6138,12
6139,4
6140,10
6141,12
6142,12
6143,21
6144,4
6145,4
6146,15
6147,11
6148,9
6149,8
6150,11
6151,11
6152,9
6153,25
6154,11
6155,14
6156,9
6157,10
6158,15
6159,23
6160,15
6161,8
6162,15
6163,12
6164,8
6165,14
6166,14
6167,14
6168,9
6169,7
6170,14
6171,5
6172,8
6173,12
6174,15
6175,10
6176,18
6177,18
6178,13
6179,15
6180,12
6181,16
6182,15
6183,17
6184,8
6185,9
6186,24
6187,11
6188,17
6189,18
6190,15
6191,11
6192,10
6193,9
6194,12
6195,16
6196,19
6197,11
6198,12
6199,12
6200,14
6201,24
6202,17
6203,10
6204,15
6205,8
6206,9
6207,25
6208,8
6209,11
6210,11
6211,16
6212,13
6213,9
6214,12
6215,10
6216,11
6217,23
6218,11
6219,12
6220,16
6221,13
6222,9
6223,9
6224,20
6225,13
6226,13
6227,10
6228,25
6229,13
6230,11
6231,12
6232,12
6233,13
6234,22
6235,13
6236,24
6237,5
6238,6
6239,19
6240,14
6241,11
6242,9
6243,9
6244,9
6245,10
6246,14
6247,10
6248,19
6249,12
6250,11
6251,16
6252,10
6253,6
6254,16
6255,13
6256,18
6257,12
6258,11
6259,14
6260,14
6261,11
6262,9
6263,11
6264,20
6265,8
6266,21
6267,15
6268,14
6269,17
6270,14
6271,10
6272,15
6273,16
6274,8
6275,14
6276,4
6277,8
6278,13
6279,8
6280,22
6281,6
6282,12
6283,10
6284,13
6285,13
6286,13
6287,25
6288,18
6289,11
6290,15
6291,13
6292,9
6293,20
6294,12
6295,15
6296,17
6297,11
6298,13
6299,19
6300,15
6301,16
6302,21
6303,15
6304,11
6305,9
6306,23
6307,14
6308,7
6309,12
6310,15
6311,10
6312,9
6313,12
6314,19
6315,11
6316,15
6317,12
6318,10
6319,14
6320,10
6321,16
6322,7
6323,15
6324,14
6325,24
6326,19
6327,12
6328,14
6329,12
6330,14
6331,17
6332,10
6333,15
6334,15
6335,9
6336,20
6337,11
6338,12
6339,13
6340,18
6341,11
6342,12
6343,10
6344,18
6345,5
6346,10
6347,14
6348,15
6349,5
6350,7
6351,9
6352,7
6353,15
6354,18
6355,10
6356,4
6357,5
6358,8
6359,12
6360,3
6361,20
6362,6
6363,11
6364,12
6365,16
6366,4
6367,7
6368,8
6369,7
6370,13
6371,11
6372,6
6373,13
6374,6
6375,10
6376,6
6377,10
6378,9
6379,4
6380,14
6381,12
6382,3
6383,8
6384,16
6385,6
6386,10
6387,10
6388,9
6389,13
6390,9
6391,18
6392,8
6393,12
6394,14
6395,9
6396,9
6397,7
6398,13
6399,14
6400,9
6401,7
6402,8
6403,2
6404,11
6405,8
6406,11
6407,11
6408,10
6409,7
6410,0
6411,5
6412,11
6413,7
6414,6
6415,8
6416,8
6417,9
6418,9
6419,9
6420,13
6421,8
6422,6
6423,18
6424,13
6425,10
6426,12
6427,12
6428,9
6429,12
6430,10
6431,13
6432,6
6433,5
6434,11
6435,7
6436,10
6437,9
6438,10
6439,10
6440,9
6441,13
6442,7
6443,12
6444,7
6445,7
6446,10
6447,7
6448,11
6449,9
6450,9
6451,11
6452,12
6453,7
6454,11
6455,10
6456,15
6457,15
6458,13
6459,11
6460,10
6461,6
6462,3
6463,12
6464,12
6465,11
6466,18
6467,12
6468,17
6469,12
6470,14
6471,16
6472,13
6473,9
6474,11
6475,15
6476,19
6477,12
6478,9
6479,15
6480,12
6481,18
6482,19
6483,10
6484,18
6485,11
6486,5
6487,18
6488,6
6489,9
6490,9
6491,6
6492,13
6493,7
6494,16
6495,9
6496,21
6497,18
6498,12
6499,8
6500,20
6501,12
6502,13
6503,7
6504,12
6505,10
6506,9
6507,14
6508,16
6509,13
6510,18
6511,21
6512,7
6513,14
6514,23
6515,19
6516,16
6517,15
6518,11
6519,11
6520,9
6521,14
6522,15
6523,8
6524,10
6525,11
6526,18
6527,12
6528,13
6529,14
6530,11
6531,22
6532,11
6533,16
6534,14
6535,14
6536,14
6537,22
6538,11
6539,17
6540,13
6541,10
6542,17
6543,8
6544,22
6545,15
6546,21
6547,19
6548,19
6549,20
6550,9
6551,20
6552,10
6553,18
6554,17
6555,10
6556,11
6557,15
6558,10
6559,7
6560,16
6561,16
6562,14
6563,9
6564,14
6565,10
6566,15
6567,6
6568,10
6569,12
6570,14
6571,11
6572,13
6573,13
6574,10
6575,9
6576,15
6577,18
6578,8
6579,16
6580,11
6581,17
6582,14
6583,17
6584,11
6585,12
6586,10
6587,9
6588,16
6589,16
6590,19
6591,14
6592,9
6593,11
6594,9
6595,13
6596,7
6597,12
6598,12
6599,15
6600,20
6601,15
6602,15
6603,16
6604,11
6605,25
6606,10
6607,16
6608,9
6609,17
6610,5
6611,14
6612,22
6613,7
6614,25
6615,19
6616,20
6617,16
6618,12
6619,15
6620,9
6621,17
6622,19
6623,12
6624,17
6625,20
6626,20
6627,18
6628,19
6629,16
6630,6
6631,12
6632,18
6633,13
6634,7
6635,22
6636,11
6637,9
6638,9
6639,5
6640,8
6641,20
6642,10
6643,9
6644,19
6645,9
6646,9
6647,6
6648,9
6649,12
6650,10
6651,14
6652,7
6653,15
6654,15
6655,12
6656,11
6657,13
6658,17
6659,10
6660,16
6661,12
6662,12
6663,10
6664,14
6665,23
6666,16
6667,7
6668,11
6669,12
6670,8
6671,12
6672,13
6673,10
6674,13
6675,9
6676,14
6677,21
6678,11
6679,11
6680,10
6681,10
6682,12
6683,18
6684,17
6685,16
6686,18
6687,7
6688,20
6689,13
6690,15
6691,19
6692,11
6693,31
6694,12
6695,16
6696,10
6697,12
6698,13
6699,17
6700,19
6701,8
6702,13
6703,15
6704,21
6705,8
6706,22
6707,19
6708,10
6709,20
6710,27
6711,21
6712,20
6713,11
6714,11
6715,17
6716,23
6717,14
6718,13
6719,25
6720,3
6721,11
6722,22
6723,11
6724,15
6725,10
6726,16
6727,23
6728,25
6729,17
6730,18
6731,13
6732,9
6733,26
6734,14
6735,14
6736,7
6737,13
6738,15
6739,19
6740,15
6741,16
6742,24
6743,30
6744,20
6745,13
6746,17
6747,15
6748,20
6749,14
6750,12
6751,18
6752,14
6753,11
6754,22
6755,10
6756,13
6757,18
6758,7
6759,21
6760,15
6761,11
6762,13
6763,17
6764,10
6765,11
6766,14
6767,14
6768,12
6769,25
6770,9
6771,16
6772,10
6773,21
6774,13
6775,13
6776,23
6777,10
6778,11
6779,19
6780,13
6781,13
6782,21
6783,19
6784,13
6785,13
6786,14
6787,13
6788,19
6789,17
6790,19
6791,8
6792,16
6793,4
6794,12
6795,11
6796,21
6797,12
6798,11
6799,18
6800,10
6801,11
6802,20
6803,16
6804,9
6805,22
6806,16
6807,14
6808,14
6809,8
6810,7
6811,21
6812,11
6813,9
6814,17
6815,14
6816,12
6817,19
6818,8
6819,20
6820,9
6821,10
6822,11
6823,12
6824,24
6825,18
6826,12
6827,9
6828,17
6829,19
6830,17
6831,15
6832,18
6833,15
6834,20
6835,22
6836,16
6837,15
6838,15
6839,16
6840,12
6841,11
6842,14
6843,21
6844,20
6845,14
6846,14
6847,11
6848,9
6849,19
6850,12
6851,10
6852,17
6853,12
6854,17
6855,10
6856,11
6857,22
6858,14
6859,13
6860,18
6861,7
6862,16
6863,10
6864,20
6865,7
6866,10
6867,17
6868,7
6869,12
6870,24
6871,14
6872,13
6873,15
6874,18
6875,14
6876,17
6877,20
6878,13
6879,17
6880,15
6881,15
6882,13
6883,19
6884,12
6885,19
6886,8
6887,17
6888,11
6889,13
6890,8
6891,10
6892,12
6893,12
6894,14
6895,12
6896,12
6897,19
6898,18
6899,14
6900,13
6901,13
6902,21
6903,11
6904,14
6905,12
6906,11
6907,22
6908,21
6909,14
6910,13
6911,13
6912,12
6913,19
6914,14
6915,8
6916,21
6917,10
6918,13
6919,9
6920,7
6921,23
6922,10
6923,13
6924,1
6925,14
6926,15
6927,9
6928,18
6929,12
6930,10
6931,6
6932,7
6933,12
6934,18
6935,16
6936,11
6937,6
6938,9
6939,2
6940,14
6941,14
6942,18
6943,16
6944,10
6945,13
6946,8
6947,21
6948,12
6949,14
6950,13
6951,4
6952,10
6953,15
6954,10
6955,10
6956,10
6957,18
6958,4
6959,8
6960,15
6961,5
6962,9
6963,11
6964,20
6965,5
6966,11
6967,9
6968,12
6969,6
6970,16
6971,17
6972,19
6973,6
6974,8
6975,9
6976,12
6977,22
6978,12
6979,3
6980,3
6981,5
6982,4
6983,12
6984,4
6985,2
6986,11
6987,9
6988,16
6989,14
6990,6
6991,8
6992,17
6993,18
6994,14
6995,11
6996,22
6997,13
6998,21
6999,14
7000,11
7001,8
7002,10
7003,17
7004,12
7005,3
7006,8
7007,17
7008,10
7009,17
7010,9
7011,15
7012,12
7013,15
7014,11
7015,7
7016,10
7017,13
7018,6
7019,14
7020,13
7021,21
7022,12
7023,14
7024,10
7025,13
7026,13
7027,17
7028,10
7029,11
7030,9
7031,19
7032,17
7033,5
7034,12
7035,8
7036,6
7037,8
7038,6
7039,13
7040,13
7041,17
7042,2
7043,13
7044,16
7045,9
7046,13
7047,13
7048,15
7049,5
7050,13
7051,15
7052,12
7053,10
7054,8
7055,11
7056,6
7057,15
7058,11
7059,8
7060,9
7061,6
7062,12
7063,8
7064,9
7065,11
7066,10
7067,19
7068,24
7069,16
7070,12
7071,10
7072,8
7073,8
7074,7
7075,4
7076,10
7077,17
7078,20
7079,8
7080,10
7081,18
7082,9
7083,18
7084,13
7085,9
7086,11
7087,8
7088,5
7089,9
7090,15
7091,21
7092,14
7093,13
7094,27
7095,11
7096,12
7097,22
7098,7
7099,15
7100,20
7101,14
7102,24
7103,20
7104,19
7105,13
7106,21
7107,14
7108,21
7109,10
7110,9
7111,7
7112,13
7113,7
7114,19
7115,17
7116,12
7117,13
7118,10
7119,11
7120,18
7121,14
7122,9
7123,16
7124,13
7125,13
7126,15
7127,11
7128,18
7129,4
7130,13
7131,11
7132,16
7133,9
7134,11
7135,6
7136,15
7137,9
7138,14
7139,19
7140,6
7141,9
7142,15
7143,18
7144,14
7145,12
7146,14
7147,11
7148,13
7149,14
7150,17
7151,11
7152,6
7153,11
7154,12
7155,13
7156,15
7157,5
7158,9
7159,8
7160,17
7161,9
7162,10
7163,10
7164,13
7165,11
7166,11
7167,12
7168,8
7169,14
7170,8
7171,15
7172,11
7173,10
7174,12
7175,11
7176,18
7177,15
7178,12
7179,11
7180,14
7181,10
7182,17
7183,11
7184,14
7185,19
7186,18
7187,12
7188,10
7189,19
7190,8
7191,8
7192,12
7193,18
7194,14
7195,15
7196,10
7197,14
7198,16
7199,12
7200,14
7201,10
7202,23
7203,16
7204,23
7205,14
7206,12
7207,16
7208,15
7209,14
7210,18
7211,12
7212,16
7213,14
7214,11
7215,11
7216,15
7217,10
7218,10
7219,16
7220,21
7221,9
7222,11
7223,6
7224,16
7225,9
7226,11
7227,10
7228,12
7229,8
7230,11
7231,10
7232,15
7233,15
7234,18
7235,9
7236,7
7237,19
7238,18
7239,9
7240,20
7241,14
7242,13
7243,12
7244,9
7245,10
7246,16
7247,9
7248,10
7249,13
7250,12
7251,13
7252,11
7253,22
7254,14
7255,6
7256,9
7257,10
7258,15
7259,13
7260,16
7261,16
7262,17
7263,14
7264,12
7265,14
7266,15
7267,10
7268,18
7269,19
7270,17
7271,23
7272,11
7273,19
7274,7
7275,18
7276,17
7277,21
7278,22
7279,14
7280,14
7281,6
7282,11
7283,14
7284,16
7285,19
7286,30
7287,18
7288,11
7289,5
7290,8
7291,19
7292,17
7293,13
7294,16
7295,14
7296,16
7297,8
7298,10
7299,20
7300,17
7301,15
7302,17
7303,21
7304,20
7305,17
7306,19
7307,13
7308,23
7309,11
7310,8
7311,10
7312,11
7313,11
7314,24
7315,13
7316,8
7317,11
7318,15
7319,12
7320,9
7321,21
7322,18
7323,20
7324,21
7325,12
7326,16
7327,11
7328,10
7329,14
7330,21
7331,16
7332,9
7333,15
7334,10
7335,6
7336,9
7337,13
7338,8
7339,11
7340,13
7341,14
7342,6
7343,17
7344,18
7345,12
7346,8
7347,7
7348,14
7349,9
7350,13
7351,7
7352,16
7353,4
7354,16
7355,3
7356,13
7357,20
7358,20
7359,11
7360,6
7361,11
7362,15
7363,13
7364,11
7365,10
7366,19
7367,12
7368,12
7369,13
7370,9
7371,8
7372,11
7373,7
7374,8
7375,13
7376,8
7377,29
7378,26
7379,15
7380,11
7381,13
7382,16
7383,10
7384,10
7385,13
7386,15
7387,10
7388,11
7389,12
7390,18
7391,11
7392,23
7393,30
7394,12
7395,15
7396,11
7397,14
7398,24
7399,4
7400,6
7401,7
7402,22
7403,10
7404,23
7405,9
7406,13
7407,12
7408,11
7409,12
7410,7
7411,9
7412,19
7413,11
7414,29
7415,8
7416,16
7417,13
7418,18
7419,16
7420,13
7421,13
7422,22
7423,18
7424,13
7425,11
7426,11
7427,11
7428,24
7429,16
7430,19
7431,10
7432,14
7433,12
7434,14
7435,10
7436,11
7437,13
7438,19
7439,11
7440,13
7441,5
7442,6
7443,9
7444,15
7445,9
7446,6
7447,6
7448,5
7449,11
7450,13
7451,22
7452,16
7453,7
7454,8
7455,20
7456,14
7457,3
7458,18
7459,17
7460,17
7461,23
7462,13
7463,8
7464,17
7465,17
7466,10
7467,12
7468,10
7469,5
7470,30
7471,14
7472,14
7473,13
7474,18
7475,12
7476,11
7477,15
7478,14
7479,14
7480,21
7481,21
7482,12
7483,13
7484,12
7485,7
7486,20
7487,9
7488,11
7489,8
7490,23
7491,13
7492,7
7493,13
7494,10
7495,19
7496,5
7497,2
7498,8
7499,16
7500,16
7501,19
7502,10
7503,22
7504,21
7505,12
7506,26
7507,10
7508,5
7509,11
7510,14
7511,11
7512,21
7513,18
7514,14
7515,7
7516,18
7517,8
7518,13
7519,13
7520,28
7521,12
7522,18
7523,19
7524,27
7525,9
7526,18
7527,20
7528,21
7529,18
7530,17
7531,18
7532,22
7533,9
7534,29
7535,19
7536,12
7537,20
7538,10
7539,18
7540,21
7541,13
7542,7
7543,11
7544,19
7545,9
7546,7
7547,12
7548,10
7549,19
7550,22
7551,12
7552,6
7553,10
7554,6
7555,17
7556,9
7557,17
7558,10
7559,6
7560,17
7561,12
7562,20
7563,9
7564,12
7565,8
7566,13
7567,14
7568,30
7569,24
7570,12
7571,10
7572,28
7573,24
7574,17
7575,15
7576,20
7577,20
7578,13
7579,15
7580,14
7581,11
7582,15
7583,8
7584,10
7585,8
7586,11
7587,16
7588,14
7589,4
7590,18
7591,14
7592,9
7593,13
7594,8
7595,9
7596,12
7597,18
7598,19
7599,14
7600,19
7601,13
7602,16
7603,13
7604,20
7605,15
7606,18
7607,18
7608,15
7609,12
7610,13
7611,12
7612,14
7613,12
7614,22
7615,21
7616,16
7617,12
7618,5
7619,9
7620,9
7621,12
7622,8
7623,21
7624,9
7625,5
7626,9
7627,18
7628,8
7629,6
7630,12
7631,15
7632,8
7633,11
7634,14
7635,14
7636,13
7637,16
7638,18
7639,21
7640,15
7641,15
7642,14
7643,14
7644,15
7645,14
7646,10
7647,15
7648,17
7649,16
7650,22
7651,15
7652,22
7653,14
7654,16
7655,17
7656,18
7657,13
7658,12
7659,11
7660,10
7661,22
7662,15
7663,10
7664,13
7665,12
7666,13
7667,16
7668,13
7669,15
7670,11
7671,14
7672,13
7673,17
7674,18
7675,16
7676,12
7677,11
7678,14
7679,15
7680,18
7681,17
7682,12
7683,8
7684,16
7685,12
7686,16
7687,16
7688,8
7689,13
7690,21
7691,6
7692,15
7693,10
7694,9
7695,8
7696,14
7697,7
7698,16
7699,16
7700,8
7701,8
7702,7
7703,17
7704,16
7705,16
7706,15
7707,9
7708,8
7709,21
7710,13
7711,7
7712,13
7713,14
7714,9
7715,20
7716,11
7717,16
7718,15
7719,14
7720,15
7721,11
7722,13
7723,16
7724,13
7725,8
7726,20
7727,10
7728,12
7729,11
7730,11
7731,11
7732,22
7733,12
7734,8
7735,21
7736,24
7737,7
7738,12
7739,12
7740,15
7741,21
7742,12
7743,10
7744,12
7745,19
7746,20
7747,12
7748,21
7749,10
7750,7
7751,11
7752,12
7753,19
7754,10
7755,13
7756,16
7757,11
7758,13
7759,11
7760,10
7761,17
7762,7
7763,20
7764,12
7765,8
7766,21
7767,8
7768,18
7769,5
7770,15
7771,17
7772,11
7773,17
7774,14
7775,18
7776,11
7777,13
7778,13
7779,11
7780,17
7781,19
7782,19
7783,9
7784,6
7785,12
7786,20
7787,8
7788,12
7789,9
7790,18
7791,8
7792,4
7793,7
7794,15
7795,12
7796,13
7797,15
7798,8
7799,11
7800,15
7801,12
7802,13
7803,7
7804,11
7805,16
7806,8
7807,10
7808,9
7809,17
7810,6
7811,6
7812,18
7813,11
7814,7
7815,11
7816,11
7817,15
7818,11
7819,5
7820,19
7821,18
7822,16
7823,7
7824,9
7825,14
7826,6
7827,8
7828,21
7829,21
7830,15
7831,12
7832,17
7833,22
7834,5
7835,18
7836,22
7837,9
7838,7
7839,12
7840,11
7841,19
7842,13
7843,14
7844,15
7845,13
7846,14
7847,19
7848,14
7849,18
7850,21
7851,15
7852,18
7853,20
7854,14
7855,13
7856,8
7857,16
7858,13
7859,12
7860,18
7861,15
7862,7
7863,13
7864,11
7865,27
7866,23
7867,11
7868,12
7869,21
7870,13
7871,14
7872,12
7873,7
7874,11
7875,11
7876,13
7877,11
7878,4
7879,4
7880,11
7881,10
7882,16
7883,16
7884,16
7885,15
7886,7
7887,27
7888,3
7889,17
7890,7
7891,17
7892,8
7893,14
7894,8
7895,10
7896,3
7897,9
7898,19
7899,7
7900,8
7901,16
7902,12
7903,17
7904,14
7905,9
7906,10
7907,10
7908,11
7909,19
7910,12
7911,23
7912,9
7913,16
7914,16
7915,15
7916,8
7917,13
7918,12
7919,16
7920,12
7921,10
7922,14
7923,15
7924,14
7925,11
7926,11
7927,15
7928,8
7929,16
7930,9
7931,15
7932,17
7933,12
7934,10
7935,16
7936,14
7937,11
7938,11
7939,12
7940,14
7941,10
7942,13
7943,23
7944,18
7945,9
7946,16
7947,9
7948,8
7949,16
7950,13
7951,16
7952,26
7953,20
7954,18
7955,15
7956,23
7957,12
7958,20
7959,11
7960,12
7961,26
7962,11
7963,11
7964,21
7965,13
7966,16
7967,12
7968,11
7969,15
7970,13
7971,11
7972,10
7973,14
7974,18
7975,10
7976,12
7977,19
7978,12
7979,7
7980,14
7981,14
7982,12
7983,25
7984,15
7985,6
7986,15
7987,13
7988,14
7989,14
7990,16
7991,11
7992,11
7993,10
7994,14
7995,16
7996,15
7997,14
7998,20
7999,13
8000,16
8001,8
8002,12
8003,15
8004,8
8005,18
8006,12
8007,17
8008,23
8009,16
8010,13
8011,19
8012,13
8013,14
8014,19
8015,18
8016,15
8017,14
8018,24
8019,13
8020,10
8021,13
8022,12
8023,17
8024,13
8025,14
8026,13
8027,11
8028,14
8029,13
8030,21
8031,9
8032,12
8033,10
8034,20
8035,14
8036,16
8037,15
8038,11
8039,13
8040,9
8041,25
8042,13
8043,15
8044,19
8045,11
8046,7
8047,10
8048,9
8049,14
8050,13
8051,12
8052,14
8053,16
8054,12
8055,17
8056,10
8057,9
8058,11
8059,2
8060,14
8061,17
8062,21
8063,10
8064,18
8065,9
8066,11
8067,16
8068,12
8069,11
8070,7
8071,26
8072,21
8073,14
8074,16
8075,8
8076,15
8077,19
8078,6
8079,8
8080,17
8081,18
8082,13
8083,22
8084,17
8085,21
8086,11
8087,17
8088,18
8089,15
8090,14
8091,12
8092,17
8093,15
8094,12
8095,17
8096,14
8097,18
8098,5
8099,21
8100,21
8101,10
8102,20
8103,14
8104,11
8105,26
8106,13
8107,11
8108,11
8109,24
8110,23
8111,15
8112,16
8113,17
8114,13
8115,12
8116,19
8117,8
8118,10
8119,10
8120,22
8121,4
8122,17
8123,11
8124,9
8125,8
8126,11
8127,12
8128,17
8129,18
8130,9
8131,15
8132,33
8133,9
8134,18
8135,19
8136,19
8137,27
8138,14
8139,16
8140,16
8141,12
8142,13
8143,6
8144,18
8145,12
8146,29
8147,15
8148,12
8149,14
8150,14
8151,9
8152,14
8153,15
8154,7
8155,10
8156,9
8157,12
8158,25
8159,9
8160,12
8161,20
8162,11
8163,16
8164,24
8165,8
8166,9
8167,11
8168,12
8169,9
8170,17
8171,18
8172,14
8173,19
8174,24
8175,11
8176,13
8177,7
8178,16
8179,7
8180,19
8181,9
8182,16
8183,18
8184,15
8185,16
8186,9
8187,11
8188,6
8189,6
8190,23
8191,8
8192,9
8193,7
8194,12
8195,8
8196,17
8197,24
8198,10
8199,18
8200,7
8201,12
8202,10
8203,9
8204,11
8205,12
8206,13
8207,10
8208,14
8209,6
8210,21
8211,7
8212,10
8213,7
8214,19
8215,7
8216,6
8217,10
8218,16
8219,15
8220,11
8221,20
8222,12
8223,18
8224,24
8225,14
8226,17
8227,17
8228,11
8229,13
8230,21
8231,17
8232,22
8233,10
8234,26
8235,10
8236,14
